7.668271923566946091e-01
8.546797359484560319e-01
8.948046662950777108e-01
9.222813786750221343e-01
9.418809598491103552e-01
9.560968342522844221e-01
9.667849083760174933e-01
9.747922278473077906e-01
9.807900974348107148e-01
9.853024299632614502e-01
9.886945351960416684e-01
9.911448261219609757e-01
9.929851112883008035e-01
9.943812448534277149e-01
9.954060006178896414e-01
9.961329026389053043e-01
9.966627227930269228e-01
9.972836344460898061e-01
9.975164804788441142e-01
9.977102516595441895e-01
9.977687067562168721e-01
9.980500551891556826e-01
9.982091085728390656e-01
9.983639237819773582e-01
9.984171953673398603e-01
9.983799298983873083e-01
9.984479994159802807e-01
9.985125648516174346e-01
9.984629336909061070e-01
9.983971052056089812e-01
9.983120377660728018e-01
9.985721428021485657e-01
9.982933528779061039e-01
9.985009354265055315e-01
9.983837379549767022e-01
9.984221237794486115e-01
9.983671922582756375e-01
9.984471216105204050e-01
9.983802690869971741e-01
9.985267864882659827e-01
9.985182193667839767e-01
9.985022951363207167e-01
9.985376772309205728e-01
9.986389385233168658e-01
9.985337516064465291e-01
9.984458156008807483e-01
9.984442539967223196e-01
9.985536536844408229e-01
9.983699214288497270e-01
9.984552869007474740e-01
9.984846980903689939e-01
9.985349080702666802e-01
9.984499111922797709e-01
9.985163691881218107e-01
9.982298227737375074e-01
9.985545181674144732e-01
9.985754811459636171e-01
9.986364076587641581e-01
9.985676817395303662e-01
9.986284705075727519e-01
9.985871166602477977e-01
9.986170109114945737e-01
9.985598711778755909e-01
9.986147545371295564e-01
9.982347328762296579e-01
9.984365169109050697e-01
9.985624188986930161e-01
9.986067134041275439e-01
9.984745544803893536e-01
9.984570903345305615e-01
9.982998032603358496e-01
9.985641185102995809e-01
9.985940613368728958e-01
9.986239377957907282e-01
9.985343385108015335e-01
9.986436641039956319e-01
9.986348462220888678e-01
9.986776143081818047e-01
9.985482986799915084e-01
9.985192802516096311e-01
9.983702200427491125e-01
9.984744711396769112e-01
9.983998153626966188e-01
9.985310732604577577e-01
9.984008871485067216e-01
9.985364682796159519e-01
9.985701168794162141e-01
9.983930461889567454e-01
9.985431945240138552e-01
9.986140079101428757e-01
9.985964566127096820e-01
9.986554258227264835e-01
9.987004814004287745e-01
9.986217600502149683e-01
9.985018055588589236e-01
9.985723045922968444e-01
9.985813262052570805e-01
9.984824309238655715e-01
9.984110562715606818e-01
9.986153696211943487e-01
9.985847413588360144e-01
9.985517310445292116e-01
9.983431654573284852e-01
9.985564449719149804e-01
9.986559214224677294e-01
9.987264086771245886e-01
9.986557025274135357e-01
9.986740987481371734e-01
9.987291243567517629e-01
9.987152249045461172e-01
9.986398716048751067e-01
9.986204356523028514e-01
9.985208993038729997e-01
9.984821443465909940e-01
9.984766544065641902e-01
9.986342802617774739e-01
9.985592151899027602e-01
9.985092500683988570e-01
9.983235086804681524e-01
9.987136928709718919e-01
9.987134443812442086e-01
9.987658986681209328e-01
9.987119926024442540e-01
9.987090224792514181e-01
9.987272974590725161e-01
9.988041560437588284e-01
9.987092701260844585e-01
9.986562253092962083e-01
9.985535110079534205e-01
9.986110527463881725e-01
9.987149811707420888e-01
9.985482817292870017e-01
9.986066029229880847e-01
9.986384667236248847e-01
9.987071834457412756e-01
9.984717938983601604e-01
9.984947469153204747e-01
9.986920593098069787e-01
9.987268584376884917e-01
9.987159154421466623e-01
9.987181847508397325e-01
9.988077940241774089e-01
9.987057542718239533e-01
9.986498141887524271e-01
9.986379929502595676e-01
9.986072607086261543e-01
9.985686220162295346e-01
9.987424730964473696e-01
9.986687335973720714e-01
9.986835965357800937e-01
9.985784500855217072e-01
9.984973707020282641e-01
9.986294456454452018e-01
9.987256757107092486e-01
9.987691356532165665e-01
9.987587770112421603e-01
9.987421171932616693e-01
9.988117046651036057e-01
9.987718163271943617e-01
9.987974158055844542e-01
9.986875085585917855e-01
9.986714627358429519e-01
9.986331243178644401e-01
9.987286682871299170e-01
9.985941933292430406e-01
9.986654369357672589e-01
9.986098487992093320e-01
9.985657953861772906e-01
9.986814424295872294e-01
9.986878459389685325e-01
9.987328580842904646e-01
9.987570015105692312e-01
9.987481853721088543e-01
9.988510158452363896e-01
9.988361817886929339e-01
9.987729625138352940e-01
9.986420079442167586e-01
9.987404732880431624e-01
9.987119537184208085e-01
9.987430093221514316e-01
9.986225411086008252e-01
9.987521818020665965e-01
9.987371062305753222e-01
9.987292719262222951e-01
9.986621441258917153e-01
9.985970071583886165e-01
9.986942324613137245e-01
9.987877265486105882e-01
9.988232943940043018e-01
9.988193173189922058e-01
9.988713392443473449e-01
9.987984624740584572e-01
9.987688860571634075e-01
9.987805279145653969e-01
9.987577980531920918e-01
9.987461185395002383e-01
9.986022632693504208e-01
9.987103210494319150e-01
9.987605943127898511e-01
9.986788030650690651e-01
9.985824342772307016e-01
9.987573964256374337e-01
9.987825518005972736e-01
9.988518540878204011e-01
9.988476733472054780e-01
9.988184893762076522e-01
9.988974735236625380e-01
9.988988000439016357e-01
9.988797793766311939e-01
9.987533496106559827e-01
9.987257695720614947e-01
9.986767279527607455e-01
9.987025096040069716e-01
9.987847371419384945e-01
9.987682590186623965e-01
9.987828745187870005e-01
9.988884043684436165e-01
9.987131217869240629e-01
9.987218223853941979e-01
9.987892370026886235e-01
9.988964959994666160e-01
9.988579570710972577e-01
9.989101968552462907e-01
9.988976041342457757e-01
9.988824634177677630e-01
9.987762151616169648e-01
9.987688987872709312e-01
9.987337103336670907e-01
9.987274496038728300e-01
9.987009987112053233e-01
9.988577294802458706e-01
9.988423453522901063e-01
9.987884884034409216e-01
9.988447378734784943e-01
9.988064447971353177e-01
9.988142309689502785e-01
9.989184052257621405e-01
9.989233227614024990e-01
9.988956167008808951e-01
9.989484279291976909e-01
9.989764416407496128e-01
9.989138315305097215e-01
9.988450427291397649e-01
9.988272374904583195e-01
9.987170417896259478e-01
9.987527709705982248e-01
9.988817071799268588e-01
9.988949910038638080e-01
9.988021931982102863e-01
9.987808502274159173e-01
9.988922100600359233e-01
9.987961732004988491e-01
9.989162074829986970e-01
9.989254823445965492e-01
9.989513985202560509e-01
9.989719487418651234e-01
9.990174488014836873e-01
9.989425776701073012e-01
9.987983138122641380e-01
9.987887236510646360e-01
9.988796672780809738e-01
9.989015521787206753e-01
9.988942626208270337e-01
9.989184692358649142e-01
9.989298480829750249e-01
9.989224559401426173e-01
9.988634377781979712e-01
9.987280217140974692e-01
9.989211207413245530e-01
9.989945334559525714e-01
9.989987663949130292e-01
9.989824053783266100e-01
9.990166914960371125e-01
9.990033168162204547e-01
9.989365344891192322e-01
9.989489067799153243e-01
9.989283357107741068e-01
9.987792568640444513e-01
9.989066904943497693e-01
9.989825935936148538e-01
9.989394566929954422e-01
9.989158939279648708e-01
9.987124080470825005e-01
9.988053116112771690e-01
9.989475006405947877e-01
9.990122877127723955e-01
9.990302561830407546e-01
9.989993094716940192e-01
9.990108602117450110e-01
9.990498414106233627e-01
9.990178045165937215e-01
9.989723454895957921e-01
9.989326166505134719e-01
9.988504373686526439e-01
9.988471785751429355e-01
9.988932969141889329e-01
9.989437222088007884e-01
9.989258645735802356e-01
9.987533123566739723e-01
9.988503920798880165e-01
9.988066604860974529e-01
9.989596109891364373e-01
9.989633323795175102e-01
9.990015757008660069e-01
9.990279943919720962e-01
9.991020033570294778e-01
9.989815147877505463e-01
9.989228483652431434e-01
9.988941837093179288e-01
9.991322866366885158e-01
9.987949198182298760e-01
9.987695684626821668e-01
9.989340932399470852e-01
9.989399606882356508e-01
9.988762747626440675e-01
9.986091627125794901e-01
9.988839379686595965e-01
9.990686706245055504e-01
9.990653790657531008e-01
9.990921424899431580e-01
9.989965990410818453e-01
9.991095847263118390e-01
9.990516916986471596e-01
9.990375444529462357e-01
9.989672966579259406e-01
9.989694505353154952e-01
9.987973204742076616e-01
9.989322140752266987e-01
9.988920951923285774e-01
9.989505799306030998e-01
9.988535585033658792e-01
9.988042635842483419e-01
9.988891990809153354e-01
9.990082737413675806e-01
9.990325457759664518e-01
9.990596780741318739e-01
9.989960855621340396e-01
9.991112515511094694e-01
9.991057034675155935e-01
9.991289486620491544e-01
9.989934201153128912e-01
9.989919911202985725e-01
9.989860529991408944e-01
9.989811652634802419e-01
9.988264946944873657e-01
9.989458147794633147e-01
9.988913659527358657e-01
9.989239466889725527e-01
9.987752711836923591e-01
9.989838960270686075e-01
9.990291551969933126e-01
9.990744333456826887e-01
9.990690356830951302e-01
9.991070434814255385e-01
9.991185504138675455e-01
9.990992266089189222e-01
9.989847563777970452e-01
9.990625440841177651e-01
9.990119734910993810e-01
9.989412032256154150e-01
9.989795212281378234e-01
9.990538978509702073e-01
9.989663273488377238e-01
9.989708421993096499e-01
9.988372261991946832e-01
9.988858810773708630e-01
9.990793194986196113e-01
9.991324822621087121e-01
9.990874853922279142e-01
9.990981632236721754e-01
9.991122848340419083e-01
9.992251640164349080e-01
9.990530670200704622e-01
9.990586361125262105e-01
9.989054673687921548e-01
9.989883352502744174e-01
9.989362616441538334e-01
9.990706379685423411e-01
9.989713372959504456e-01
9.989751671450790571e-01
9.988930874243679980e-01
9.990701569019727613e-01
9.989837026996257752e-01
9.991326746456666852e-01
9.990817958211853922e-01
9.991438915732419046e-01
9.991330544113830037e-01
9.992212354456816437e-01
9.991111513055707105e-01
9.990420460298650163e-01
9.989964505190752631e-01
9.990788840421701567e-01
9.989219453498177081e-01
9.989943885710043103e-01
9.990152257064405239e-01
9.991102162522903507e-01
9.990581791361099473e-01
9.989488767126146751e-01
9.989477596106884905e-01
9.990626577593331170e-01
9.990646599750852008e-01
9.992214458164339064e-01
9.991016481333485633e-01
9.991738958936342563e-01
9.990866514479623817e-01
9.991041529272491895e-01
9.989996362775205307e-01
9.990356316915063317e-01
9.988671445532655291e-01
9.990672354110111675e-01
9.990526463893775189e-01
9.990884605634141602e-01
9.990209446385630576e-01
9.989785223323369712e-01
9.990322878333655066e-01
9.991076540451303556e-01
9.991387380677960728e-01
9.992024606356260108e-01
9.991332260629079975e-01
9.992413542763414203e-01
9.991585011427877028e-01
9.991829007617764047e-01
9.990108084493516394e-01
9.990187287926183268e-01
9.989519437606519947e-01
9.991545160080563814e-01
9.990809809975736977e-01
9.991143751562207020e-01
9.990142973084370492e-01
9.990746251639128772e-01
9.990930459183424706e-01
9.990489865713066964e-01
9.991369571970413199e-01
9.991285053878401490e-01
9.991465284069266373e-01
9.992187224362722997e-01
9.992125384460739390e-01
9.991266871080551892e-01
9.990157577107663389e-01
9.990792744180568841e-01
9.989828316774583827e-01
9.991402637566156875e-01
9.989463722416099811e-01
9.991415335523554653e-01
9.990960442773783035e-01
9.990128386009116124e-01
9.991328709309282852e-01
9.990506268813412749e-01
9.991029288039037226e-01
9.991936821547280356e-01
9.991750540257495761e-01
9.991836139364429492e-01
9.991709066429705910e-01
9.992364569377518713e-01
9.991362569747997968e-01
9.991177637447119508e-01
9.990441765797132279e-01
9.990850437289905406e-01
9.989917586957626217e-01
9.990883813618217646e-01
9.990633330279862223e-01
9.990029495547398941e-01
9.989591224581954032e-01
9.990958944423485866e-01
9.990820084930344125e-01
9.991556120199065472e-01
9.991496731423742395e-01
9.991585580632537100e-01
9.992052809837180805e-01
9.992682856496044597e-01
9.991660903471740740e-01
9.990753575637052464e-01
9.989998456073294619e-01
9.991338411366402772e-01
9.992098434201206469e-01
9.989888086070406459e-01
9.990987030604328023e-01
9.991125820408487401e-01
9.990571477843926962e-01
9.990761383849690036e-01
9.989818567364250335e-01
9.991810814295439824e-01
9.992211542470555985e-01
9.992962009055352812e-01
9.992206149921214475e-01
9.992945808716217071e-01
9.991948346636195799e-01
9.992109844951855280e-01
9.991556517568177531e-01
9.991699081067806354e-01
9.990325007646501110e-01
9.990580550455487874e-01
9.990934807388586192e-01
9.991807347319719979e-01
9.990697323690996834e-01
9.989790521313883787e-01
9.991184963894066406e-01
9.992056314805896067e-01
9.992075281744104975e-01
9.992745056350288424e-01
9.991566634561851457e-01
9.993006853135825152e-01
9.992690931581605929e-01
9.993130986704953367e-01
9.991745686842818941e-01
9.992091508978547809e-01
9.991713523286903653e-01
9.991515412891640580e-01
9.990562632245121311e-01
9.991856611354446027e-01
9.990741529923251596e-01
9.991036259596716151e-01
9.990008592758347072e-01
9.991355431152045830e-01
9.991986409930209145e-01
9.992656942456865643e-01
9.992270276547570163e-01
9.993243285898655293e-01
9.992392131827003698e-01
9.992863096646051879e-01
9.990833961087410842e-01
9.991294024363491788e-01
9.991609307554057962e-01
9.991905783713475042e-01
9.990967369950871646e-01
9.992349088523335698e-01
9.992302402091542968e-01
9.991959921479642848e-01
9.989354753953925137e-01
9.991225060200893404e-01
9.991538103931687509e-01
9.992650712418336134e-01
9.992184372482542098e-01
9.992569867437062214e-01
9.992632633882801985e-01
9.993089406621352699e-01
9.992525909738674272e-01
9.992095458384818718e-01
9.991776678790981192e-01
9.989807043188717595e-01
9.990902596670477864e-01
9.992532652470135224e-01
9.992243451721689596e-01
9.991560839091134794e-01
9.990527961319356498e-01
9.993130057140551248e-01
9.991350688659209611e-01
9.992656449490406878e-01
9.992597918701966453e-01
9.992909780153270694e-01
9.992871428754857011e-01
9.993670865437178641e-01
9.992700220059844707e-01
9.992169992068843376e-01
9.991425714023245419e-01
9.992005572240506561e-01
9.992286866935964351e-01
9.991691112521173812e-01
9.992172181502932959e-01
9.991625915509678713e-01
9.992873483654213240e-01
9.991539174236152565e-01
9.991495588854779619e-01
9.993144022717647124e-01
9.992976200481573645e-01
9.993162807350268739e-01
9.993449957785781601e-01
9.993705220162494296e-01
9.993014019835828599e-01
9.992505086386113122e-01
9.992474820064404240e-01
9.992747141889242180e-01
9.990683035456083827e-01
9.991203030413177144e-01
9.992796561614114559e-01
9.992409122917271791e-01
9.992346251329715656e-01
9.991186472542520347e-01
9.991784124104734488e-01
9.992824312613486359e-01
9.993162566542634906e-01
9.993548627033500553e-01
9.993007554114889945e-01
9.993631980171161500e-01
9.993519850659696724e-01
9.993381030568552204e-01
9.992503037486736295e-01
9.992526864300360634e-01
9.991555234627633730e-01
9.990420545595556368e-01
9.992043736888090999e-01
9.992056487615306182e-01
9.991434245433686856e-01
9.989711888104607640e-01
9.991291934685759824e-01
9.992104026381934956e-01
9.992472163566034071e-01
9.992917630959882169e-01
9.992411547940430738e-01
9.993385735225686073e-01
9.993343921187665124e-01
9.993250380545806166e-01
9.991295573778067318e-01
9.991126362939798389e-01
9.993500377400470480e-01
9.992026341265082268e-01
9.991278880023752862e-01
9.991873206589579892e-01
9.992083653781873576e-01
9.991394654866933012e-01
9.990450637569400216e-01
9.992018343329667207e-01
9.992112861152512293e-01
9.992715783185611711e-01
9.993267345727611106e-01
9.992936364722408982e-01
9.992989224026778139e-01
9.992831650195026505e-01
9.992222754790577310e-01
9.992116707861206093e-01
9.991840796940210101e-01
9.990887389666783802e-01
9.991849440821602979e-01
9.992204325930547082e-01
9.992298492203075533e-01
9.992420584898087377e-01
9.989986688423567740e-01
9.991035391104200469e-01
9.992438038529594113e-01
9.993358275737606045e-01
9.993183549643858132e-01
9.992977550488639782e-01
9.994076207728975758e-01
9.993953007268775446e-01
9.993576738921753355e-01
9.992313539785322440e-01
9.992138905881997601e-01
9.992067669038143807e-01
9.993022306082712802e-01
9.992180177082436998e-01
9.992426961305455047e-01
9.991953135633682148e-01
9.992352950357843433e-01
9.992764241757400301e-01
9.991873162391808894e-01
9.994114522902706188e-01
9.993343409966091162e-01
9.993974580827998944e-01
9.993763350455693306e-01
9.994806041209974845e-01
9.993711764303891965e-01
9.993143615071241603e-01
9.993203331735878159e-01
9.993430519260271261e-01
9.993990161931947114e-01
9.990537072198742985e-01
9.993145698640958363e-01
9.993119259426440637e-01
9.992623980679690154e-01
9.993801531371470093e-01
9.992082990224875338e-01
9.993669595782800341e-01
9.993718522058900877e-01
9.994328017554995336e-01
9.993927030516600585e-01
9.994426352205177944e-01
9.994387739092360778e-01
9.993863882730954495e-01
9.993767115809477630e-01
9.993351587985583873e-01
9.992252426442832514e-01
9.992364031078665443e-01
9.993531763475840268e-01
9.993798060337655276e-01
9.992510190991226171e-01
9.992490813727806787e-01
9.992547650410008586e-01
9.993382114467914690e-01
9.993581932475075202e-01
9.994198900551063414e-01
9.993896722837142255e-01
9.994530684476773397e-01
9.994783036242876895e-01
9.994015028608251860e-01
9.993238079543823593e-01
9.993001794717760733e-01
9.994065256792258323e-01
9.993827713362478660e-01
9.991567696105859708e-01
9.993474409118412449e-01
9.993451838463268677e-01
9.993898166034453912e-01
9.992324964993276604e-01
9.992312787584763933e-01
9.993643025915318612e-01
9.994372865462450850e-01
9.994322296080950796e-01
9.994884999145885462e-01
9.995084272876215703e-01
9.994318104599609898e-01
9.993408709244656629e-01
9.993831977523183197e-01
9.993416945364510529e-01
9.991859627149026757e-01
9.994338518571367347e-01
9.994669934181791282e-01
9.994035695096314953e-01
9.993795429301143285e-01
9.992323292753325648e-01
9.994391344468840366e-01
9.994054438293720199e-01
9.994892828279273722e-01
9.994891948027775364e-01
9.994574132306623948e-01
9.995184955819028660e-01
9.995209701629502730e-01
9.994788830377591138e-01
9.993813308707927279e-01
9.993528373349981342e-01
9.992486814312571131e-01
9.993428344248707074e-01
9.994426256388844187e-01
9.994173282747392806e-01
9.993909862575017788e-01
9.993227807577034216e-01
9.994467980994261591e-01
9.994037210528390336e-01
9.995063921358947612e-01
9.994729530166850395e-01
9.994785445679563729e-01
9.995303684952043799e-01
9.995150205410187061e-01
9.995249146806309826e-01
9.993780519860854250e-01
9.993841209841274331e-01
9.995469724104113496e-01
9.993104252439476420e-01
9.992608744638803442e-01
9.993732083939171895e-01
9.994070933563039549e-01
9.993137131851920207e-01
9.991748229499584077e-01
9.994346255570661919e-01
9.995029061178606344e-01
9.995167944107401503e-01
9.995521850726928337e-01
9.995135088299722526e-01
9.995257268960913155e-01
9.995354570508964143e-01
9.994621308744353616e-01
9.994420718086335365e-01
9.993808374629410407e-01
9.992858933137139799e-01
9.993326334022536450e-01
9.994096342305553993e-01
9.994065448310025523e-01
9.993347712173648034e-01
9.991926258455009480e-01
9.994605223976347208e-01
9.994136114043002950e-01
9.995247785227042714e-01
9.994811810109902606e-01
9.994609342506988181e-01
9.995336559508118945e-01
9.995516576056791003e-01
9.995131942247866830e-01
9.994313994204787610e-01
9.994105896779951204e-01
9.993793938397677046e-01
9.993159068430081948e-01
9.993738110501341199e-01
9.994076963212727982e-01
9.994247068914446919e-01
9.993692655599927255e-01
9.993173991199537642e-01
9.993359449072692913e-01
9.995062026146827039e-01
9.994954984748085636e-01
9.995451228656121456e-01
9.995694404801742650e-01
9.995874005817514396e-01
9.995066774989891378e-01
9.994970590101296404e-01
9.994738723366867195e-01
9.995069504422489093e-01
9.992685961081865242e-01
9.993386708338500846e-01
9.994212727378635197e-01
9.994382522868791030e-01
9.994013258511132980e-01
9.992456675243971409e-01
9.994547695252942177e-01
9.994555965201460390e-01
9.995159569122210597e-01
9.995337957902663550e-01
9.994938202510269543e-01
9.995811391520558198e-01
9.995702834607004261e-01
9.995091500047833533e-01
9.994359989056682547e-01
9.993934568279428943e-01
9.992971118375784112e-01
9.994486185458550942e-01
9.995342397431137282e-01
9.994707264954587611e-01
9.994120179731210696e-01
9.994479131813529538e-01
9.994385770167498739e-01
9.993990179608152058e-01
9.994962256650764543e-01
9.995421262149153385e-01
9.995310689754911548e-01
9.996102746201044331e-01
9.996184317976644085e-01
9.995838471365328104e-01
9.994171207881628050e-01
9.994447966651819337e-01
9.994366511809509301e-01
9.994526064199272808e-01
9.993891051324683694e-01
9.994804055930195386e-01
9.995273269203868161e-01
9.995273971760142429e-01
9.992791812950783115e-01
9.995598422744803591e-01
9.994451599334777114e-01
9.995315071750409119e-01
9.995588012790008747e-01
9.995499789081953024e-01
9.995809700368966100e-01
9.996058053264186283e-01
9.995162655406870655e-01
9.994793527002231448e-01
9.994583712778620788e-01
9.993560619931805000e-01
9.994380855110648332e-01
9.995535753399651391e-01
9.995519289564032128e-01
9.994729001972628701e-01
9.994121543406657704e-01
9.994814973212402531e-01
9.994414792694135130e-01
9.995947219143020979e-01
9.995626954486642735e-01
9.995787952421173461e-01
9.996239167834218842e-01
9.996277573488314694e-01
9.995694245679181966e-01
9.995027515730396939e-01
9.994933863206053593e-01
9.994496633633450644e-01
9.995258926326705540e-01
9.994739952713903586e-01
9.995178698120713578e-01
9.994846349077892711e-01
9.995786558708820158e-01
9.994333542530563497e-01
9.994851838746438011e-01
9.995909728328881139e-01
9.995623614519874023e-01
9.996322840297174883e-01
9.996225454282463563e-01
9.996810041896467824e-01
9.995777683159259297e-01
9.995080959325935988e-01
9.995269367675216898e-01
9.995557250732647336e-01
9.994188285367884284e-01
9.993939228626008697e-01
9.996240054855003443e-01
9.995517927248759316e-01
9.994909665037267077e-01
9.995336688661520252e-01
9.995230232128509140e-01
9.995518314659243009e-01
9.995783620177617346e-01
9.996408088375348111e-01
9.996052627783852396e-01
9.996811850770394026e-01
9.996323470746908413e-01
9.995823017489576801e-01
9.995277175757787402e-01
9.994616471542716596e-01
9.995480942365596588e-01
9.994590169212709263e-01
9.995671619229574700e-01
9.995563582795969904e-01
9.994870344825501629e-01
9.993955668560657868e-01
9.994930174818383861e-01
9.995884044882801245e-01
9.996665775723372338e-01
9.996583784068667766e-01
9.996380433851742575e-01
9.997267559638924883e-01
9.997207442078721584e-01
9.996514483521158345e-01
9.996043747327190143e-01
9.995328825862108690e-01
9.996216054814101026e-01
9.996272559723381468e-01
9.994389046226030970e-01
9.995109163897789584e-01
9.995190128426232334e-01
9.995065681353795251e-01
9.994502679248358223e-01
9.995856284135117287e-01
9.997157610402754857e-01
9.996594541973797821e-01
9.996935356509044635e-01
9.997378709438685673e-01
9.997438140929532091e-01
9.996266898513491705e-01
9.996223735548822598e-01
9.996261879713148613e-01
9.996499210758066356e-01
9.993424780432619281e-01
9.995172747108299616e-01
9.996394592016710767e-01
9.996181457163177964e-01
9.995289483235798578e-01
9.995490987254239679e-01
9.995214351617133230e-01
9.996516197805902504e-01
9.996386771046866793e-01
9.997191145097982234e-01
9.996351472491366019e-01
9.997617487267753678e-01
9.997234888801287411e-01
9.997187512159561029e-01
9.996205562578588388e-01
9.996418167459139026e-01
9.994254074379399500e-01
9.997011210613210297e-01
9.995211071867083907e-01
9.996241673342319833e-01
9.995091921733685325e-01
9.994678117409018236e-01
9.995233646281987960e-01
9.996586082836429465e-01
9.996639361491410636e-01
9.997304078386441972e-01
9.996625399136468415e-01
9.997713761514294140e-01
9.997156127219237742e-01
9.997566051585733415e-01
9.995652461009121303e-01
9.996109691169411393e-01
9.995355821989004852e-01
9.995782707616271967e-01
9.994408190607904086e-01
9.996649320016676166e-01
9.996198968621313741e-01
9.996371707344576807e-01
9.994197579918613350e-01
9.996236449844561056e-01
9.996133271448496282e-01
9.997263464818560985e-01
9.996815505199819762e-01
9.997248030949291708e-01
9.996885017855227096e-01
9.997491019624471509e-01
9.996352672522528238e-01
9.997113165962296932e-01
9.996051703387259790e-01
9.995438324744718717e-01
9.994439605347801292e-01
9.995872763068490707e-01
9.995666414910522324e-01
9.995799548238475385e-01
9.994079568600751085e-01
9.996044886985810951e-01
9.995909747807847356e-01
9.997610547840498629e-01
9.996612620948792660e-01
9.997375299046835639e-01
9.996912381960695315e-01
9.997574194911457157e-01
9.996424999893893659e-01
9.996387777093348470e-01
9.994623596030953738e-01
9.996463455173248969e-01
9.994920674636258440e-01
9.996457343870100987e-01
9.996066998865692499e-01
9.996314056476172105e-01
9.995884317662580010e-01
9.994528838414630245e-01
9.995598161483495447e-01
9.997331842701137061e-01
9.996427258055203824e-01
9.996964450762223509e-01
9.996660726784186712e-01
9.997515038513042906e-01
9.996242763633835793e-01
9.996229653374943958e-01
9.995591203216216414e-01
9.995900220225522048e-01
9.995702973969883276e-01
9.996855801658320884e-01
9.995787908082093276e-01
9.995883893095767192e-01
9.995200801240657906e-01
9.994789275815653129e-01
9.994309011593328629e-01
9.996504243465413886e-01
9.997013783074178983e-01
9.997285200365478852e-01
9.996969881900862331e-01
9.997331836875106292e-01
9.997367906584474495e-01
9.997071905031771344e-01
9.996291934888947850e-01
9.996244909598540618e-01
9.994997270440184600e-01
9.996469202248773334e-01
9.996053950304254476e-01
9.996187310053670227e-01
9.995463953525897116e-01
9.994736761529127156e-01
9.996885746432834230e-01
9.995702337442750052e-01
9.997052218707316307e-01
9.996735004575956207e-01
9.996825512725864282e-01
9.997712918533009363e-01
9.998151767184449978e-01
9.997257122837829302e-01
9.996160592697892477e-01
9.995849121435841367e-01
9.996178555462791326e-01
9.994518157627328980e-01
9.996888271234588563e-01
9.996212078114251609e-01
9.996959247765689893e-01
9.995010544089431015e-01
9.996346916291571905e-01
9.995687609002599228e-01
9.996633045372861348e-01
9.996682116205715118e-01
9.997733054103520312e-01
9.996532508839194309e-01
9.997811189940090104e-01
9.996893024462389921e-01
9.997365213735165401e-01
9.996398504693220222e-01
9.997359586351735050e-01
9.994879155688174421e-01
9.996836217061242369e-01
9.996010939141166673e-01
9.996476416232166207e-01
9.996313760344942567e-01
9.994946296665543350e-01
9.994855380519240828e-01
9.996353344093632520e-01
9.996275016843171324e-01
9.997647890456172748e-01
9.996409994870084637e-01
9.998099905451102165e-01
9.997108506862869559e-01
9.997517420270951582e-01
9.996033876307629518e-01
9.996789275438404676e-01
9.994664899897831578e-01
9.995429147046331897e-01
9.995643597467306352e-01
9.996632550775009785e-01
9.996044756911419693e-01
9.995981465908639896e-01
9.995569416673416585e-01
9.996374911059011659e-01
9.996480076496448985e-01
9.997281508987476695e-01
9.996925888327655718e-01
9.997963244784767722e-01
9.997606736636456271e-01
9.997539631974093899e-01
9.996147668951266274e-01
9.996582222334445822e-01
9.996410257799924759e-01
9.996886972462271093e-01
9.994074410560929156e-01
9.996354550866787259e-01
9.996457025467624380e-01
9.996385524789492827e-01
9.995750928547568748e-01
9.995605986060550618e-01
9.996221009245576106e-01
9.996973377770187463e-01
9.997500002919551543e-01
9.996881112760283017e-01
9.997720490488928302e-01
9.997818495011686624e-01
9.996988730097317033e-01
9.996639301368233088e-01
9.995751002672200736e-01
9.996840074686232924e-01
9.996662790798841458e-01
9.996249161040676734e-01
9.996489967757924422e-01
9.996187239526322932e-01
9.996141137647023278e-01
9.996626729632659414e-01
9.996742528334899847e-01
9.997603220009378955e-01
9.997950091105464177e-01
9.997393749943872532e-01
9.998271427907549080e-01
9.997894071922133197e-01
9.997842267614431844e-01
9.996189576008840394e-01
9.996636118982948904e-01
9.997470172570593894e-01
9.995679425277513852e-01
9.995948321181454821e-01
9.996813071685318741e-01
9.996392138857767007e-01
9.996151390286017735e-01
9.996031843232796588e-01
9.997141600917701654e-01
9.997879357323974370e-01
9.997956676916689434e-01
9.997973832667446104e-01
9.998357689877264143e-01
9.998317544916928146e-01
9.998166058353169516e-01
9.997686822922000616e-01
9.997507819633076886e-01
9.998276110095641878e-01
9.994983577352685167e-01
9.995322011470818557e-01
9.997881858490679230e-01
9.996700285813919784e-01
9.996874946678930840e-01
9.996412501611743329e-01
9.996141820675408241e-01
9.997560361922385175e-01
9.998105609792683479e-01
9.998018030229831599e-01
9.998500304482217382e-01
9.998167713861982886e-01
9.998919460541983995e-01
9.997726727516882406e-01
9.997804264265873764e-01
9.997310952870275269e-01
9.997328392610046466e-01
9.996882748095058391e-01
9.996454862219359416e-01
9.996844494268316561e-01
9.996404322833871703e-01
9.996855947925581409e-01
9.997039539786326534e-01
9.996332282986333251e-01
9.997718777588203709e-01
9.997740783886731597e-01
9.997658263426749681e-01
9.998083905711164787e-01
9.998364715115819479e-01
9.997779462749895041e-01
9.997243006330290838e-01
9.997191006374733790e-01
9.996939621435119161e-01
9.994882595086426180e-01
9.995889994514182142e-01
9.997153139765166951e-01
9.996926069082022748e-01
9.997221917030624239e-01
9.995225005607472069e-01
9.995848951535596383e-01
9.996878119443884936e-01
9.997670613757764224e-01
9.997846342480818382e-01
9.997473553780230615e-01
9.997787052331790214e-01
9.997685610413218349e-01
9.997372557894480538e-01
9.996769835322276698e-01
9.995897390536502281e-01
9.996073704789231185e-01
9.996220965835501682e-01
9.997642130176701558e-01
9.997002023558169137e-01
9.996604638607090587e-01
9.995240423476839942e-01
9.996539500187220373e-01
9.996938625609832485e-01
9.997608532554543848e-01
9.997607353347189862e-01
9.996952961838773133e-01
9.997998735242896728e-01
9.997934505977950082e-01
9.997620335085253274e-01
9.996493193656259546e-01
9.995620233128339471e-01
9.996108623821228223e-01
9.997693236312199527e-01
9.996436726917069526e-01
9.996820011158946695e-01
9.996613501005162661e-01
9.995384048092269547e-01
9.995591300508422927e-01
9.996041198723286669e-01
9.997523129722714064e-01
9.996857747495223601e-01
9.997339713952172469e-01
9.997483769812883780e-01
9.998170974330496952e-01
9.997153273960925901e-01
9.996806948680635463e-01
9.996683090841962382e-01
9.996158907504227864e-01
9.995665102494573073e-01
9.996517405861559125e-01
9.997045837269336044e-01
9.997109160903386860e-01
9.996236312053979889e-01
9.995729213633608445e-01
9.996431720584112446e-01
9.997694484864652065e-01
9.997715781749292319e-01
9.997791587413564773e-01
9.997299427125847515e-01
9.997993729535461505e-01
9.998171137675627707e-01
9.997555513064124710e-01
9.996871549226477027e-01
9.996412538973357131e-01
9.996860994904603892e-01
9.997444858452403382e-01
9.996194522174937092e-01
9.996740261813209516e-01
9.995998243394913496e-01
9.994888654190474675e-01
9.996706888649908862e-01
9.996584441291050949e-01
9.997813399911213983e-01
9.997452520136433929e-01
9.997705186565328805e-01
9.997743818826321238e-01
9.998146776207521569e-01
9.997975012685271778e-01
9.996609358564052528e-01
9.996658782952377864e-01
9.997364950266665051e-01
9.996390039192686316e-01
9.995679415496920850e-01
9.997362230239869030e-01
9.996686911214969218e-01
9.996573703420039703e-01
9.996449618165842432e-01
9.996023080625281443e-01
9.997044295801840175e-01
9.997454909380786292e-01
9.997723285143633731e-01
9.997919235151560002e-01
9.998212202002126903e-01
9.998001338537223504e-01
9.997563474024103725e-01
9.997650852161946711e-01
9.996863286172165131e-01
9.997291369775461733e-01
9.995822168000132457e-01
9.997218425689813337e-01
9.996907448196128421e-01
9.996419771211374483e-01
9.996611028968446222e-01
9.996837124061842550e-01
9.998035994544659522e-01
9.997966979395023213e-01
9.998493267669820161e-01
9.997980362580105584e-01
9.998701648056209645e-01
9.998813998127519254e-01
9.998247392646657516e-01
9.997487193282986739e-01
9.996881461398936519e-01
9.996467521637383280e-01
9.998305012849068030e-01
9.997088507723009831e-01
9.997377157693876359e-01
9.997314668681696048e-01
9.996556312097589769e-01
9.996865475802926282e-01
9.997730809141893715e-01
9.998267662349256124e-01
9.998368829274421055e-01
9.997937618903408596e-01
9.999003641136928744e-01
9.998918266298881807e-01
9.998492217716564712e-01
9.997459287746127687e-01
9.997606663390833370e-01
9.997280309511914487e-01
9.996246187681507855e-01
9.996900364127939698e-01
9.997715948848425738e-01
9.997790772013276372e-01
9.996818897690384897e-01
9.997632668840840120e-01
9.997929527044142617e-01
9.997980309141557553e-01
9.998547520058015392e-01
9.998900404644818218e-01
9.998865675524266639e-01
9.998943784466737261e-01
9.998779846958997242e-01
9.998676121847964726e-01
9.997665302541085541e-01
9.997704578453820989e-01
9.997239133664479471e-01
9.997693492909712765e-01
9.997270576410074439e-01
9.997597462988305761e-01
9.996998310641806995e-01
9.997266680950834816e-01
9.998040135497756609e-01
9.997092624992862664e-01
9.998260938113890939e-01
9.998037896222786713e-01
9.997788774691174218e-01
9.998341032034412379e-01
9.998791327773448590e-01
9.997929901156783483e-01
9.996804460561113936e-01
9.996699859183547643e-01
9.996561801985802687e-01
9.997439075786007656e-01
9.997366203501374393e-01
9.997505017715583309e-01
9.997736401244908810e-01
9.997538226920305027e-01
9.996470610332250928e-01
9.995737756152133224e-01
9.997960222697116484e-01
9.997814898043655418e-01
9.998327498481226483e-01
9.998124964819158356e-01
9.998840873155028230e-01
9.998042747733442148e-01
9.997702798969647642e-01
9.997395728281183169e-01
9.997353248762125277e-01
9.995376381215778094e-01
9.996509829819186788e-01
9.997359850007216941e-01
9.997333574429986269e-01
9.996862814894232896e-01
9.996155972219475938e-01
9.995039544329300529e-01
9.997577950081968368e-01
9.997813640624350073e-01
9.998363055195855775e-01
9.997633537148689076e-01
9.998640109129899312e-01
9.998376045203470897e-01
9.997940588407192575e-01
9.997533286521244067e-01
9.997334795989671896e-01
9.996482914025928146e-01
9.996761313886319833e-01
9.996388498836983327e-01
9.997495327800506315e-01
9.996498425619694261e-01
9.996615742941303839e-01
9.996207498997763397e-01
9.997414244298976627e-01
9.997075176539882424e-01
9.998905875104600049e-01
9.997589347568628382e-01
9.998941598026053201e-01
9.998115265028046927e-01
9.998293734145982103e-01
9.996576968541394104e-01
9.997601648929946849e-01
9.996010879262268167e-01
9.995767584109137571e-01
9.995441224252938905e-01
9.997677625616473440e-01
9.996703026269242454e-01
9.997061886086797688e-01
9.994632705737509504e-01
9.997651717174681485e-01
9.997427309179175436e-01
9.998677872314637449e-01
9.997846695300993680e-01
9.997960052180930868e-01
9.997730968850037092e-01
9.998662856258053733e-01
9.997342754534377374e-01
9.997589287656423185e-01
9.996661408946516669e-01
9.996921987177369573e-01
9.996458466365510942e-01
9.997410912176931674e-01
9.995966188113517559e-01
9.996732610909540018e-01
9.994573479598416466e-01
9.997727089119364807e-01
9.997061168607365156e-01
9.998862652731133061e-01
9.998183290631992293e-01
9.998390526881469897e-01
9.998149499429170861e-01
9.999105349447809932e-01
9.997882437152263435e-01
9.997947812332316220e-01
9.996548027765609357e-01
9.997249729041051136e-01
9.998212014792297042e-01
9.996465069526356828e-01
9.996228997482827783e-01
9.997166660304249719e-01
9.997313693654128475e-01
9.996971362033462150e-01
9.996866108393880346e-01
9.998158599512102507e-01
9.997814604347001755e-01
9.998069309165937835e-01
9.998279428019953841e-01
9.999026627681120161e-01
9.997961489098667887e-01
9.997764861308428008e-01
9.997486851005434882e-01
9.997814145671662933e-01
9.994961412464038464e-01
9.998119719520935922e-01
9.997603588078473047e-01
9.997956573057326102e-01
9.996918785837585197e-01
9.996242331254342472e-01
9.995735498036865119e-01
9.998807140660040949e-01
9.998124311764412520e-01
9.998570483856339397e-01
9.998060157210254539e-01
9.999015915780682384e-01
9.998340079971391736e-01
9.998521425354369718e-01
9.997509697803134143e-01
9.997098638354289246e-01
9.997894909550811837e-01
9.997479777838575998e-01
9.997502168418592738e-01
9.997942567426006955e-01
9.996897929255517123e-01
9.996383977790076480e-01
9.997736409143294090e-01
9.997830260800818492e-01
9.999194399669298905e-01
9.998613102288981258e-01
9.998649369529553077e-01
9.999050744045203665e-01
1.000000000000000000e+00
9.998873140974389173e-01
9.997949317539235325e-01
9.997371909689967140e-01
9.998553070248493713e-01
9.997544664508061230e-01
9.997716409820369687e-01
9.998286490247874081e-01
9.998355620721596226e-01
9.998027553680114421e-01
9.997357224061260705e-01
9.996635064223530209e-01
9.998469964383115416e-01
9.998630407109003748e-01
9.999042916615645815e-01
9.998451539574975122e-01
9.999053168860198015e-01
9.998670700996193927e-01
9.998280854135210838e-01
9.997638042820498061e-01
9.996896351261432834e-01
9.997513534256413648e-01
9.997650444766869038e-01
9.998557935414068565e-01
9.997970133153334382e-01
9.997628829195214228e-01
9.996141323572365067e-01
9.998160569154594945e-01
9.998389972332633047e-01
9.998703430304244355e-01
9.998322614888355275e-01
9.998457371743826316e-01
9.998802637495554091e-01
9.999203221288851529e-01
9.997981633731910511e-01
9.997698206464989967e-01
9.996473936146126338e-01
9.998425704380488055e-01
9.997805863143034433e-01
9.998370680076675843e-01
9.997493224313609428e-01
9.997592434222352109e-01
9.997034230188676096e-01
9.998787960912673967e-01
9.997281922924118325e-01
9.998423088384523760e-01
9.998590578587752686e-01
9.998733150613161591e-01
9.998904366499529184e-01
9.999175338242881628e-01
9.998472812317034109e-01
9.997798204668061350e-01
9.997647343005640064e-01
9.997472569855858637e-01
9.996691153110091044e-01
9.997677906030645323e-01
9.998500923053330602e-01
9.998951176904029570e-01
9.998793706189977870e-01
9.996132730831506219e-01
9.996764507454465321e-01
9.998258412546608964e-01
9.998294129726534862e-01
9.998782710382280170e-01
9.998545202562736378e-01
9.999200523861887513e-01
9.999163556033334732e-01
9.998479096646978315e-01
9.997890117546498479e-01
9.997951248547833902e-01
9.996496886523283942e-01
9.997621687062620000e-01
9.997687940647529414e-01
9.997586663933079043e-01
9.996787207894732852e-01
9.996597774918100088e-01
9.996823575943267759e-01
9.997951933935933511e-01
9.998877123868631367e-01
9.998642556578869467e-01
9.999035092979008388e-01
9.999578459301524669e-01
9.999598238442153342e-01
9.999175435043546889e-01
9.998236153336624854e-01
9.998933404792685886e-01
9.999214372831601860e-01
9.995524312610782891e-01
9.996197887734359355e-01
9.997158937143957314e-01
9.997153169612742474e-01
9.997350376308987707e-01
9.996967708857003032e-01
9.996715669767969326e-01
9.998365551244915439e-01
9.998420276298861653e-01
9.998724792327976507e-01
9.998916535732463862e-01
9.999203931894222741e-01
9.999013442119921713e-01
9.998513357015417213e-01
9.998936968021425731e-01
9.999095522217822385e-01
9.995112639390828502e-01
9.996783219897037442e-01
9.997406056049010781e-01
9.997491357339447493e-01
9.997123385557632469e-01
9.996902631699964292e-01
9.996061391214190461e-01
9.998475103629641536e-01
9.999033320566138583e-01
9.998985779599178780e-01
9.998706517376224623e-01
9.998876931444332650e-01
9.999399620944572353e-01
9.998593661742113392e-01
9.998066765823208080e-01
9.997588102567810386e-01
9.998005805414271752e-01
9.996906879225553322e-01
9.997604238294686141e-01
9.997969932900241385e-01
9.997725731148932038e-01
9.997067089127866790e-01
9.997721228563912765e-01
9.996956369213847449e-01
9.998327210265837151e-01
9.998291593134300825e-01
9.998519689789657772e-01
9.999044482703890457e-01
9.999149711541545082e-01
9.998223519690486727e-01
9.997382242367068850e-01
9.997131528419975766e-01
9.998730367148643827e-01
9.996493419738587960e-01
9.997730788171177441e-01
9.998220283304908307e-01
9.998335775057157759e-01
9.997075402463649896e-01
9.997329944704389515e-01
9.996987946293459659e-01
9.998513625812570638e-01
9.999075710495818337e-01
9.999092318613911345e-01
9.998694015522283651e-01
9.999315656016272147e-01
9.998948497848193506e-01
9.998895333782028549e-01
9.998190596440249545e-01
9.998418212716034814e-01
9.996887889697149143e-01
9.998367433081825073e-01
9.998337424599792467e-01
9.998195429695379000e-01
9.997742214453059217e-01
9.996903268787381558e-01
9.997830324989057660e-01
9.998596023431710611e-01
9.998906532299118854e-01
9.999151163234122341e-01
9.998808973501348563e-01
9.999188693568112907e-01
9.999406930651316694e-01
9.998803412524978063e-01
9.997357714966814690e-01
9.997038035133996026e-01
9.996717266915425837e-01
9.997710902565359881e-01
9.997741983457058002e-01
9.998655521454603567e-01
9.997874785960975119e-01
9.997348737923075213e-01
9.997179768181606585e-01
9.997481735804323311e-01
9.997982914005769661e-01
9.998736538907661009e-01
9.998656054024361861e-01
9.998883856824799521e-01
9.998591446582876241e-01
9.998330752252887477e-01
9.997170770772919601e-01
9.997747699408604527e-01
9.996998658228093415e-01
9.997917252610726280e-01
9.997196333462682327e-01
9.997808750732325445e-01
9.997612482882186624e-01
9.997425747199872870e-01
9.996300512289392204e-01
9.997384556941496525e-01
9.997903718099468984e-01
9.998438392930829588e-01
9.998196951109867836e-01
9.997890569325733612e-01
9.998574989533066670e-01
9.998636971278090924e-01
9.998441041485949254e-01
9.997638527484091764e-01
9.997454334604355397e-01
9.996760322788464936e-01
9.996590001557588145e-01
9.997147238020400728e-01
9.997207198243938109e-01
9.996803036239535478e-01
9.996548065595892707e-01
9.996256355015584738e-01
9.996824519131708442e-01
9.997991069908548356e-01
9.998232150698379561e-01
9.997988134040840524e-01
9.998256507953604544e-01
9.998736650759152411e-01
9.998015010272128800e-01
9.997258158790057747e-01
9.996715459482732324e-01
9.997609149571633491e-01
9.996518795593930529e-01
9.997375521524755060e-01
9.997643962868989487e-01
9.997782866876351315e-01
9.997285676724206871e-01
9.997462435882837894e-01
9.995603492999634021e-01
9.997627058350834206e-01
9.997965247329528848e-01
9.998035298333250998e-01
9.998269575840472712e-01
9.998301395546103087e-01
9.997794091426496221e-01
9.998027892992934484e-01
9.997362542638625893e-01
9.997345543843834115e-01
9.995157289749631024e-01
9.997745491125062944e-01
9.997631694258156676e-01
9.997190923520903327e-01
9.996678100329042804e-01
9.996849320801185490e-01
9.996619781087472401e-01
9.997513034072909033e-01
9.998148318642483545e-01
9.998082193279640428e-01
9.997852616365775491e-01
9.998515116745998466e-01
9.998591760497635983e-01
9.998050672399801941e-01
9.997370402945445766e-01
9.997128405541467755e-01
9.996229513563377189e-01
9.997240942300914535e-01
9.996846936874598244e-01
9.997363332337140251e-01
9.996594142470286437e-01
9.996986063711984505e-01
9.997022620876191423e-01
9.996986788954352887e-01
9.997776288466821981e-01
9.998009143456247916e-01
9.997877189856214653e-01
9.998718390277886447e-01
9.998808641301988320e-01
9.997906409123435978e-01
9.997159249813132309e-01
9.997313896831762081e-01
9.997122148093106064e-01
9.996064624683620448e-01
9.996196133932495620e-01
9.997366744109466019e-01
9.997107008752018631e-01
9.996225455364773360e-01
9.996084048447094750e-01
9.997736730822662787e-01
9.998248388120111185e-01
9.998654504451488512e-01
9.998455427358424741e-01
9.998288886681991894e-01
9.998231716283291215e-01
9.998778787591835471e-01
9.997790219476802021e-01
9.997679535171070109e-01
9.996882213529669770e-01
9.998049135356393835e-01
9.996615637382119113e-01
9.997519208069991503e-01
9.996946319324370167e-01
9.997114388096283166e-01
9.995188408857581530e-01
9.996306523435629643e-01
9.997151454051175223e-01
9.997947790890819864e-01
9.997953242195908308e-01
9.997795378755505169e-01
9.998184270586318867e-01
9.999338570446314467e-01
9.997432462680545528e-01
9.997526605629414309e-01
9.996758586610295927e-01
9.998445219997441624e-01
9.995280647972872856e-01
9.996238767061957908e-01
9.996708010818955437e-01
9.996771383377098807e-01
9.996267762233101983e-01
9.995701314850868879e-01
9.996004526051729400e-01
9.997514306689048169e-01
9.997417348815567095e-01
9.998464536858538976e-01
9.997411279973258402e-01
9.998580051796256418e-01
9.997033349883815978e-01
9.997304339386017258e-01
9.996581048889425780e-01
9.996726345208472031e-01
9.995227366060283059e-01
9.996287259015604887e-01
9.996984371060912977e-01
9.996862272017452700e-01
9.996561517823040477e-01
9.995350586356543943e-01
9.995891767818304574e-01
9.997469898994471027e-01
9.998032875242277573e-01
9.997690627232919125e-01
9.996874440605657552e-01
9.998249110290406971e-01
9.997806411037662988e-01
9.997792393558171398e-01
9.996728290254414118e-01
9.996280254111824526e-01
9.995315644182464210e-01
9.997515018221596605e-01
9.997203968938239704e-01
9.997288516477604858e-01
9.996709318936184419e-01
9.996577575772681579e-01
9.997103409218170977e-01
9.996106005709580744e-01
9.997734127384123592e-01
9.997731086676575618e-01
9.997814835900445951e-01
9.998201996051745422e-01
9.998022899206697733e-01
9.997804606655018578e-01
9.996687577918011991e-01
9.996776958051170059e-01
9.996745525953899536e-01
9.995825226666731345e-01
9.995199579489112418e-01
9.996324892508293702e-01
9.996527987802865667e-01
9.995124035569252774e-01
9.995891479428264947e-01
9.995472022912025301e-01
9.997098648259170606e-01
9.997613886766917313e-01
9.998053946428554495e-01
9.997332640045966112e-01
9.997843186732485732e-01
9.997594633810540365e-01
9.997063859335968417e-01
9.997014983866382432e-01
9.996548363194494025e-01
9.995164170412559335e-01
9.996171164653805397e-01
9.996741884184136007e-01
9.996544909297738757e-01
9.995468658905771742e-01
9.995922419240559353e-01
9.995677651816603504e-01
9.996573927173557639e-01
9.997051865237738255e-01
9.997103412218586449e-01
9.997148795508780106e-01
9.997404880490784462e-01
9.997834776172747073e-01
9.997194768954625888e-01
9.996357453959261452e-01
9.995769684264131927e-01
9.995775597029636916e-01
9.997428564430854703e-01
9.995763267728946522e-01
9.996578061196474962e-01
9.996477846490680053e-01
9.995905722698770202e-01
9.995656863697447436e-01
9.995764780429515772e-01
9.996672295290347510e-01
9.996977232285205739e-01
9.997316355255557729e-01
9.997572733366759667e-01
9.997890157168881631e-01
9.997163351744442483e-01
9.996582349685710911e-01
9.997285768915064041e-01
9.997575331585758507e-01
9.994812682157347972e-01
9.994598446229467914e-01
9.996362857004521540e-01
9.996713640333860784e-01
9.995615152095388423e-01
9.995542808390177614e-01
9.994955481555872767e-01
9.996636144188665307e-01
9.997116183749941154e-01
9.997263456771529055e-01
9.996661852006465399e-01
9.997381840242008932e-01
9.997173649343602531e-01
9.997189438073724732e-01
9.996281957026629250e-01
9.995834051869875170e-01
9.995138771659590748e-01
9.995619543977254384e-01
9.996363417267469798e-01
9.996196755882005291e-01
9.995456908791343631e-01
9.996105143388523961e-01
9.995842692338526847e-01
9.995635468252439537e-01
9.996686436023687339e-01
9.996267758961223659e-01
9.996214181222466966e-01
9.997041863887131674e-01
9.997592196059237324e-01
9.996547242485044338e-01
9.995168058926702237e-01
9.995291130264539747e-01
9.995858605617513604e-01
9.995988437780900515e-01
9.994620348274427801e-01
9.995704604521677972e-01
9.995392117120928122e-01
9.994574938616290760e-01
9.995270808233923665e-01
9.994357998681401289e-01
9.995797028759133562e-01
9.996709048484871962e-01
9.996716306973507660e-01
9.996669070249049049e-01
9.996499425301602626e-01
9.996517932885062852e-01
9.996098339427612611e-01
9.995750337920716877e-01
9.995939905740548470e-01
9.994213955757957901e-01
9.993954391968974393e-01
9.995596464275062765e-01
9.995897663584859538e-01
9.995047402815746551e-01
9.994890362635766579e-01
9.994510805978821244e-01
9.996119347581026160e-01
9.996882421744026637e-01
9.996695926837088075e-01
9.996633533670068461e-01
9.996973895339887894e-01
9.997265077818460188e-01
9.997083590347303206e-01
9.996239432447688866e-01
9.996036091384090660e-01
9.996042575031505173e-01
9.995978822265819685e-01
9.994349109930763531e-01
9.995515953218719885e-01
9.994883825181508641e-01
9.994096222323172185e-01
9.996006839422723056e-01
9.995397252282159917e-01
9.996489798739088828e-01
9.996681574002422854e-01
9.996946578476119116e-01
9.996897378193878581e-01
9.997240980558355083e-01
9.996480573799624292e-01
9.995502881865497846e-01
9.995875364872217617e-01
9.995887052982487253e-01
9.994155053490306750e-01
9.994278262140119384e-01
9.995994155278826732e-01
9.995472248913187530e-01
9.995046020737261561e-01
9.993129127501958475e-01
9.994907971775331967e-01
9.996195678780120941e-01
9.996547063945047107e-01
9.996683942424754443e-01
9.996095153979485115e-01
9.996796054604657478e-01
9.996400796399320665e-01
9.996073229551925010e-01
9.995458666160513816e-01
9.995559525006950663e-01
9.994594228837683225e-01
9.994107367748025217e-01
9.995474277845307620e-01
9.995202353187724320e-01
9.994986725268428795e-01
9.993890565158468631e-01
9.993740048629285999e-01
9.995351125343788778e-01
9.995073158032292682e-01
9.996357212160185135e-01
9.995485813371944861e-01
9.996226934118657148e-01
9.996392847196818865e-01
9.996177628904708845e-01
9.994738461729654189e-01
9.994692249248544602e-01
9.994820882723072231e-01
9.994812150123322247e-01
9.994574978546491018e-01
9.995076362986353713e-01
9.994475758072363103e-01
9.995069942489892556e-01
9.993892658224368120e-01
9.993994048924897955e-01
9.994251670976956881e-01
9.995004520315274865e-01
9.993892741412861991e-01
9.994417350568898240e-01
9.993772461600374246e-01
9.992503470579042757e-01
9.990162052063301656e-01
9.989008602158000460e-01
9.986255770144065735e-01
9.983728493724537412e-01
9.980610886192952114e-01
9.977181389121388966e-01
9.970283924419081067e-01
9.962081474310712226e-01
9.948584231228193575e-01
9.933609905907387905e-01
9.913122301812284931e-01
9.885835320420645056e-01
9.848063049778346123e-01
9.797460066846659377e-01
9.730810237017635256e-01
9.640864507231895475e-01
9.521082822939489487e-01
9.359813025895947769e-01
9.140161457360709285e-01
8.833961519426842823e-01
8.388555407450816181e-01
7.431196038433456330e-01
