7.671529379950000616e-01
8.562096962940254352e-01
8.969538388075043445e-01
9.248928626880581483e-01
9.448488332569113801e-01
9.593144524889681835e-01
9.701933377648725987e-01
9.783709204858376252e-01
9.844630768725107783e-01
9.890528221545459298e-01
9.925109705643658797e-01
9.950099771074170096e-01
9.968744198713398452e-01
9.983086896146514677e-01
9.993452429062936737e-01
1.000107905914179085e+00
1.000640671345765620e+00
1.001246717339686620e+00
1.001519285061475584e+00
1.001684078814810253e+00
1.001732571448763487e+00
1.002017514726569747e+00
1.002179115591350866e+00
1.002300622006812914e+00
1.002383883848010138e+00
1.002333174434328011e+00
1.002421006161324568e+00
1.002470074757868534e+00
1.002420981141886491e+00
1.002358050515410826e+00
1.002270109884042526e+00
1.002524665957435612e+00
1.002233543976523977e+00
1.002452886970344181e+00
1.002350357332317587e+00
1.002357097430375932e+00
1.002268884182743625e+00
1.002344632753728870e+00
1.002293121808749632e+00
1.002436775914060219e+00
1.002400125250733076e+00
1.002377662580670403e+00
1.002428023376897404e+00
1.002506773243523774e+00
1.002393315386635786e+00
1.002319631073974149e+00
1.002277549914422750e+00
1.002403115323617921e+00
1.002215821028354270e+00
1.002322922014316386e+00
1.002311931228660802e+00
1.002339478909197723e+00
1.002264935044452798e+00
1.002325509585014096e+00
1.002056299440225562e+00
1.002350294456140212e+00
1.002371178196466373e+00
1.002440348121643732e+00
1.002368479882727703e+00
1.002442692428965110e+00
1.002376871719257823e+00
1.002386275520446235e+00
1.002338532082541978e+00
1.002405873687824522e+00
1.002026640487190923e+00
1.002195961069366703e+00
1.002346655858498359e+00
1.002382832541242053e+00
1.002276568179364391e+00
1.002214294708549502e+00
1.002067091507101493e+00
1.002323405801474054e+00
1.002355369185967016e+00
1.002379401503016521e+00
1.002281110168770306e+00
1.002392227537818981e+00
1.002394794628015173e+00
1.002443131902433171e+00
1.002287349866377575e+00
1.002300875826962034e+00
1.002159648049385954e+00
1.002247537867875238e+00
1.002156067717075549e+00
1.002272054380630051e+00
1.002158079661630286e+00
1.002308496807801097e+00
1.002294097483288793e+00
1.002151958668495935e+00
1.002296229983531184e+00
1.002366343285584271e+00
1.002329177962400397e+00
1.002400494847700330e+00
1.002417284085569849e+00
1.002365477708263120e+00
1.002205149585805088e+00
1.002274407380498777e+00
1.002285263135213489e+00
1.002186111756041775e+00
1.002097672993679467e+00
1.002268410294327117e+00
1.002219331278701775e+00
1.002208564708701122e+00
1.001984356816047361e+00
1.002208585751559689e+00
1.002307638681301905e+00
1.002365103469366137e+00
1.002296563592375067e+00
1.002298274030041680e+00
1.002342272141882873e+00
1.002368814472157643e+00
1.002265257959512601e+00
1.002256059668834798e+00
1.002154571690279550e+00
1.002146260966507052e+00
1.002112714617368061e+00
1.002286940408750437e+00
1.002219910609669196e+00
1.002166679082991729e+00
1.001941432793961750e+00
1.002342826120579788e+00
1.002383073299370819e+00
1.002414581047472053e+00
1.002347241393540589e+00
1.002362730099646049e+00
1.002376964106698409e+00
1.002436559869348764e+00
1.002329083876591254e+00
1.002251728138430664e+00
1.002155646713651871e+00
1.002215553160304085e+00
1.002310697861854338e+00
1.002156835225695541e+00
1.002185803542523512e+00
1.002211059588203002e+00
1.002263091335555689e+00
1.002048226060336944e+00
1.002030848499761762e+00
1.002250542891976348e+00
1.002270599882616464e+00
1.002271374080930366e+00
1.002273201777755363e+00
1.002338769641953675e+00
1.002230462357863505e+00
1.002160667427479668e+00
1.002180765221465819e+00
1.002118337018790717e+00
1.002091787090308106e+00
1.002284510242683391e+00
1.002173213669749652e+00
1.002164512912373073e+00
1.002061415664838195e+00
1.002001101358450885e+00
1.002068499855072625e+00
1.002181148325931082e+00
1.002215463489054770e+00
1.002240050461354004e+00
1.002199845549512913e+00
1.002254941824859635e+00
1.002228498907762999e+00
1.002248276751475542e+00
1.002128429377271646e+00
1.002107321235416570e+00
1.002089581232882054e+00
1.002165964080262262e+00
1.002039060183206098e+00
1.002096135473494298e+00
1.002026022015961804e+00
1.001962521975154230e+00
1.002075974569968553e+00
1.002079900407496282e+00
1.002145556560888551e+00
1.002132263751918329e+00
1.002163408631760344e+00
1.002251659856300492e+00
1.002208985541438890e+00
1.002173751300152960e+00
1.002037282717370914e+00
1.002127260326985292e+00
1.002094311078601141e+00
1.002119873935037431e+00
1.002012362334973261e+00
1.002136640931975409e+00
1.002121540323690940e+00
1.002096303908572184e+00
1.002060182527948040e+00
1.001962752053759065e+00
1.002072010924764278e+00
1.002127595443904839e+00
1.002201307905555616e+00
1.002174995609070640e+00
1.002210433098696507e+00
1.002161556099457673e+00
1.002131318330060417e+00
1.002136853296737184e+00
1.002099415073101296e+00
1.002088395030855672e+00
1.001930061722389631e+00
1.002067236630044489e+00
1.002089592125372519e+00
1.001990569888676408e+00
1.001892362078119048e+00
1.002051594429856474e+00
1.002121259973651979e+00
1.002161811616908205e+00
1.002168500054080980e+00
1.002114309490494071e+00
1.002187442529585137e+00
1.002172194577655162e+00
1.002161418927312919e+00
1.002029039799208876e+00
1.001988220682579644e+00
1.001932354593285668e+00
1.001959642416442309e+00
1.002050105148391435e+00
1.002028834735599894e+00
1.002038578022342641e+00
1.002130075875472759e+00
1.001968572524592149e+00
1.001945800344745896e+00
1.002028702806948113e+00
1.002142169239225167e+00
1.002108216066565305e+00
1.002142575637858357e+00
1.002151023922559503e+00
1.002102405803133811e+00
1.001995175939594640e+00
1.002018991766056910e+00
1.001956961793973200e+00
1.001948011818133644e+00
1.001927359084712643e+00
1.002073588946913896e+00
1.002034344375156261e+00
1.001987938215521234e+00
1.002044060618167309e+00
1.002022271785136809e+00
1.002032685795148259e+00
1.002101059851029596e+00
1.002083563546398048e+00
1.002071234268617550e+00
1.002114107688502731e+00
1.002136926549008544e+00
1.002078866414379155e+00
1.002005174090008000e+00
1.001991157624238848e+00
1.001863720456231954e+00
1.001910585081364546e+00
1.002036275110371744e+00
1.002018557860123060e+00
1.001943235147084943e+00
1.001908640664089578e+00
1.002020398792244027e+00
1.001917018122950420e+00
1.002037638159446686e+00
1.002034943933659328e+00
1.002044535503737954e+00
1.002073323988691422e+00
1.002096465631989730e+00
1.002037380388383303e+00
1.001900980043146649e+00
1.001884201558851162e+00
1.001963136462862058e+00
1.001967977797915132e+00
1.001981334001368795e+00
1.002003720195674852e+00
1.002010190344898133e+00
1.002006517023160459e+00
1.001930351089787230e+00
1.001825987963183451e+00
1.001990202126307405e+00
1.002064746764705916e+00
1.002075485677016431e+00
1.002045872819059102e+00
1.002077022842655651e+00
1.002060706829036363e+00
1.002007092595036175e+00
1.002032680792783959e+00
1.001991760360204209e+00
1.001815404958710687e+00
1.001967125197248176e+00
1.002010103121012907e+00
1.002004470249741708e+00
1.001973349013904224e+00
1.001723296351414216e+00
1.001842113177810578e+00
1.001965035580509422e+00
1.002039714177310303e+00
1.002035234799801833e+00
1.001993416039559603e+00
1.002012688347652558e+00
1.002059479731289837e+00
1.001984114562422423e+00
1.001971067370476698e+00
1.001907850899826480e+00
1.001813514291267637e+00
1.001806705318710744e+00
1.001854500076111432e+00
1.001908212453469948e+00
1.001905012444293419e+00
1.001705780672936807e+00
1.001828055940716444e+00
1.001782597975306777e+00
1.001925537784142284e+00
1.001913031050418956e+00
1.001952739214836630e+00
1.001984798485530570e+00
1.002025892344824642e+00
1.001938773699852181e+00
1.001867195884986961e+00
1.001849805799632787e+00
1.002064020663049559e+00
1.001749723097739686e+00
1.001706783106410814e+00
1.001843051608387158e+00
1.001864015588795898e+00
1.001786556306339726e+00
1.001521731705465212e+00
1.001800787478338117e+00
1.001972722440875652e+00
1.001971834147878049e+00
1.002001263699143108e+00
1.001906902227177376e+00
1.002013667988634671e+00
1.001963672592906862e+00
1.001953484321528309e+00
1.001890633345955406e+00
1.001883967709219059e+00
1.001686293447281884e+00
1.001847691805720642e+00
1.001821573749419159e+00
1.001842033592198478e+00
1.001741642956764267e+00
1.001693225487355177e+00
1.001789780734707147e+00
1.001887252405376350e+00
1.001947971079602429e+00
1.001948811004163664e+00
1.001882027034410871e+00
1.001982510087010336e+00
1.001977333586059560e+00
1.001997501578114180e+00
1.001806787937152610e+00
1.001855858638457164e+00
1.001816264753172980e+00
1.001842349449207470e+00
1.001677395290119232e+00
1.001783561724226335e+00
1.001723528509366856e+00
1.001765031108310389e+00
1.001594624139144019e+00
1.001805251081348214e+00
1.001856724292771839e+00
1.001919295996416714e+00
1.001865345173741151e+00
1.001928529186256522e+00
1.001895666730382883e+00
1.001869534931674854e+00
1.001741512774994014e+00
1.001828039359417666e+00
1.001804051817578811e+00
1.001701390804419667e+00
1.001742368809340311e+00
1.001788928475433327e+00
1.001713585765176662e+00
1.001710017972961664e+00
1.001555271460842222e+00
1.001592331974924699e+00
1.001788049041709483e+00
1.001839114438635159e+00
1.001778413810662904e+00
1.001819345735674327e+00
1.001814722872113483e+00
1.001912372042015109e+00
1.001751024950173985e+00
1.001753433327962295e+00
1.001602062297297202e+00
1.001724224484343173e+00
1.001643431997665701e+00
1.001775998850830129e+00
1.001709030796986921e+00
1.001651955665442850e+00
1.001589768086646792e+00
1.001767767170085088e+00
1.001677161059700616e+00
1.001839748572585398e+00
1.001777210273439467e+00
1.001829786641123432e+00
1.001834411250998480e+00
1.001899936694945925e+00
1.001754683016067293e+00
1.001693772192899790e+00
1.001676829626056309e+00
1.001742178501826341e+00
1.001597665902331347e+00
1.001623816510166742e+00
1.001713082924492459e+00
1.001753014328280900e+00
1.001689292204232862e+00
1.001576474104754810e+00
1.001596896725939656e+00
1.001688732498664525e+00
1.001714027090946368e+00
1.001832699008053940e+00
1.001725713600658763e+00
1.001820405023513327e+00
1.001739523979813695e+00
1.001730759408674620e+00
1.001647093515461329e+00
1.001675527087181106e+00
1.001518268806821377e+00
1.001681242136932770e+00
1.001653921220901911e+00
1.001696438210644802e+00
1.001601184851312221e+00
1.001567510847307885e+00
1.001606223542576002e+00
1.001693548751682261e+00
1.001705062676084168e+00
1.001754341844274254e+00
1.001688062380291955e+00
1.001771171615509326e+00
1.001706305614196157e+00
1.001729458992553390e+00
1.001542601831731050e+00
1.001532415488780803e+00
1.001484232860073709e+00
1.001690470061819882e+00
1.001619220974675484e+00
1.001652618738805733e+00
1.001546079490777563e+00
1.001604310680661580e+00
1.001606156819034643e+00
1.001569975107022392e+00
1.001679943058226607e+00
1.001645457245972981e+00
1.001670356003113049e+00
1.001744315529476737e+00
1.001758335527940247e+00
1.001691379427972040e+00
1.001562862187083347e+00
1.001600818102101886e+00
1.001542714252857014e+00
1.001672806831767737e+00
1.001484913774108865e+00
1.001682190709151765e+00
1.001635874866802611e+00
1.001560469641212814e+00
1.001663533561292896e+00
1.001570765247732808e+00
1.001606576227645151e+00
1.001699092327116070e+00
1.001711667432629183e+00
1.001667629058818676e+00
1.001704454627504459e+00
1.001757023034582028e+00
1.001637514896477787e+00
1.001610915975151839e+00
1.001550413391272709e+00
1.001593468694760514e+00
1.001482171728125259e+00
1.001583060206303166e+00
1.001573305049566542e+00
1.001491507626969257e+00
1.001428027370729223e+00
1.001584714991716085e+00
1.001573610815021720e+00
1.001627143851366419e+00
1.001643703423594767e+00
1.001624781510054740e+00
1.001674341041328242e+00
1.001710117125261590e+00
1.001621998365136212e+00
1.001512795704131653e+00
1.001458324441350856e+00
1.001566310609110166e+00
1.001651676956234693e+00
1.001422599103156896e+00
1.001509316861725729e+00
1.001555455879650003e+00
1.001462028111584246e+00
1.001494439855364904e+00
1.001411118778259723e+00
1.001593530718177805e+00
1.001603096225182510e+00
1.001695833354603993e+00
1.001630006035503007e+00
1.001684736107658180e+00
1.001598423818506056e+00
1.001599309374501923e+00
1.001510113964229509e+00
1.001534077958805335e+00
1.001419823837331968e+00
1.001414054150214339e+00
1.001452877085157844e+00
1.001527575024800942e+00
1.001429776479448641e+00
1.001335046345024349e+00
1.001472727670626783e+00
1.001531469479795877e+00
1.001530141365700954e+00
1.001591320352446912e+00
1.001466249603888192e+00
1.001624183006375679e+00
1.001566240840891187e+00
1.001633840842144796e+00
1.001487701880124481e+00
1.001523988207306592e+00
1.001458234817910631e+00
1.001466905556770870e+00
1.001357193318171745e+00
1.001453541620593413e+00
1.001372824030169806e+00
1.001350422226758852e+00
1.001254827219989929e+00
1.001391548735547588e+00
1.001421600082105012e+00
1.001499286013573631e+00
1.001460846800252824e+00
1.001563617776504378e+00
1.001477754689584998e+00
1.001511498854548821e+00
1.001341634231177613e+00
1.001367861183413144e+00
1.001391369232169204e+00
1.001425998610075752e+00
1.001310514269791785e+00
1.001480852889145234e+00
1.001433931500960162e+00
1.001432892034106681e+00
1.001198234400567433e+00
1.001348581215830924e+00
1.001366125678633257e+00
1.001475797514230770e+00
1.001473931057473621e+00
1.001488961281294054e+00
1.001504559982146381e+00
1.001552124439401004e+00
1.001472429330677816e+00
1.001433527530519063e+00
1.001400333857174418e+00
1.001189754825897227e+00
1.001277582824209755e+00
1.001466473100143695e+00
1.001421576878582353e+00
1.001357813258372031e+00
1.001245354985104807e+00
1.001472159320207167e+00
1.001315649605547309e+00
1.001470514536629608e+00
1.001430999592968663e+00
1.001465832712824078e+00
1.001455063795176903e+00
1.001526394757825678e+00
1.001422928076933339e+00
1.001350503551225346e+00
1.001266232246796895e+00
1.001310505556854746e+00
1.001341495129045134e+00
1.001291775097562731e+00
1.001343928948804862e+00
1.001270557236415115e+00
1.001415493144835134e+00
1.001256882120105995e+00
1.001229604425109443e+00
1.001416771192129573e+00
1.001391461317888920e+00
1.001408717844279206e+00
1.001413723704697389e+00
1.001458874235787500e+00
1.001395232106318645e+00
1.001308176787886639e+00
1.001322250974714834e+00
1.001331695650651055e+00
1.001123283730152469e+00
1.001160629316030004e+00
1.001313986002585921e+00
1.001295020046823803e+00
1.001248988060439826e+00
1.001153369939730586e+00
1.001209316384154668e+00
1.001333244467709438e+00
1.001354919793651543e+00
1.001396732746705709e+00
1.001345628103038177e+00
1.001386902574605164e+00
1.001411924696854694e+00
1.001354856044703423e+00
1.001292065636614881e+00
1.001287913597779466e+00
1.001195127758628178e+00
1.001087209986414761e+00
1.001203413560404432e+00
1.001258937273137972e+00
1.001195443833014842e+00
1.001020975601788487e+00
1.001154840328296602e+00
1.001250030353055598e+00
1.001282753684477722e+00
1.001337478707414741e+00
1.001249256830108569e+00
1.001356085923946537e+00
1.001363648413946317e+00
1.001340174511928138e+00
1.001154113374783439e+00
1.001140930490884928e+00
1.001364438473155483e+00
1.001211931713337888e+00
1.001158001365960892e+00
1.001187027434987442e+00
1.001221019321716810e+00
1.001140249584245856e+00
1.001038337046066928e+00
1.001205919307375902e+00
1.001204890627774402e+00
1.001245085438635662e+00
1.001299408703600458e+00
1.001243434633048768e+00
1.001262989331123565e+00
1.001244747845704941e+00
1.001176046267078235e+00
1.001168214727682582e+00
1.001125081636053737e+00
1.001034144874658471e+00
1.001112674907364886e+00
1.001119285056555119e+00
1.001149942475133781e+00
1.001108014463645501e+00
1.000907239867845577e+00
1.000992921712262840e+00
1.001131644140034638e+00
1.001223303577718715e+00
1.001165202915172747e+00
1.001170574223794185e+00
1.001242272156276814e+00
1.001230161314848655e+00
1.001184900053904592e+00
1.001071867136020810e+00
1.001028790016895709e+00
1.001050188268990615e+00
1.001073195155634865e+00
1.001050166589819712e+00
1.001046917811786674e+00
1.000995951484665136e+00
1.001047083324096754e+00
1.001057661236978813e+00
1.000952251910506519e+00
1.001163451693737771e+00
1.001099030138501211e+00
1.001161505114690708e+00
1.001163617301030095e+00
1.001200930661724442e+00
1.001095567947912546e+00
1.001044134189167378e+00
1.001049923428149802e+00
1.001053621082550249e+00
1.001106930088061508e+00
1.000752630262845999e+00
1.001015121464960522e+00
1.001004561059430031e+00
1.000928877075258683e+00
1.001019570443750561e+00
1.000865989414924773e+00
1.001021887168910052e+00
1.001018418036825564e+00
1.001073360012229241e+00
1.001007635114620875e+00
1.001075272000587324e+00
1.001069853474467974e+00
1.000995282495304117e+00
1.000982674086783764e+00
1.000945339746175833e+00
1.000820267305687850e+00
1.000867925835107197e+00
1.000976831140271583e+00
1.001000889708793196e+00
1.000891269203562084e+00
1.000862283399694741e+00
1.000887646631767991e+00
1.000962889722280869e+00
1.000983735173473610e+00
1.001047025575950711e+00
1.001013968774119300e+00
1.001077131032032108e+00
1.001086931555808857e+00
1.001015335605065060e+00
1.000953228531027861e+00
1.000943627729176777e+00
1.001023214406812523e+00
1.001050735094531019e+00
1.000821270619673964e+00
1.000983110920873997e+00
1.000956144964321615e+00
1.000991851293579593e+00
1.000854160566541529e+00
1.000831152667203350e+00
1.000961615991154741e+00
1.001008530549315712e+00
1.001013640440195918e+00
1.001029941947712221e+00
1.001070799021954283e+00
1.001010739579452302e+00
1.000907979547400517e+00
1.000932212876093574e+00
1.000905674202481555e+00
1.000738481486018294e+00
1.000983933835370099e+00
1.000993128974462243e+00
1.000947520976041449e+00
1.000904071761691050e+00
1.000744191744865619e+00
1.000947407109068266e+00
1.000909721319250378e+00
1.000986164472557283e+00
1.000995936213711301e+00
1.000937034056742725e+00
1.000996136506634215e+00
1.000981018246041243e+00
1.000938762665298354e+00
1.000851777283131350e+00
1.000808113238847774e+00
1.000710312300368665e+00
1.000799636916050783e+00
1.000880922046731403e+00
1.000847511144860480e+00
1.000791440473477900e+00
1.000748756738070844e+00
1.000851189061762625e+00
1.000783141616048422e+00
1.000892483085825679e+00
1.000882031764330549e+00
1.000863544569013275e+00
1.000926165576866866e+00
1.000919009486195499e+00
1.000935252462975322e+00
1.000763377552212674e+00
1.000759051404422451e+00
1.000923606413839151e+00
1.000687615989604984e+00
1.000638642302112968e+00
1.000767201215626567e+00
1.000780016520663729e+00
1.000677950404382566e+00
1.000541640981330138e+00
1.000796563783129534e+00
1.000874591444039119e+00
1.000864430483789258e+00
1.000930711950746677e+00
1.000890229852020585e+00
1.000862448076496047e+00
1.000899744213218145e+00
1.000786171639507005e+00
1.000795432117044470e+00
1.000704870042308237e+00
1.000627973084749378e+00
1.000668350525370842e+00
1.000738206257717922e+00
1.000748279230019744e+00
1.000640229116544377e+00
1.000523587209678933e+00
1.000796778201912041e+00
1.000737160438395890e+00
1.000830944266120959e+00
1.000821844251929438e+00
1.000778355460999913e+00
1.000860454607624739e+00
1.000879471244572105e+00
1.000815927673474715e+00
1.000740803777452781e+00
1.000685721367946535e+00
1.000678727141483426e+00
1.000602180076937575e+00
1.000649241452149507e+00
1.000679253517299694e+00
1.000712083658452656e+00
1.000637206094068254e+00
1.000576361862099306e+00
1.000624039800622089e+00
1.000786401851344598e+00
1.000783806617887794e+00
1.000800065128464533e+00
1.000825509346072506e+00
1.000854170111337593e+00
1.000773895473395347e+00
1.000730345564444734e+00
1.000713566492029027e+00
1.000787371758516731e+00
1.000516942870921300e+00
1.000602819743425131e+00
1.000695567903922889e+00
1.000657957881320836e+00
1.000619535324245302e+00
1.000480222804269737e+00
1.000661051791383649e+00
1.000697148163764094e+00
1.000751808624944950e+00
1.000740871272282506e+00
1.000695822901581211e+00
1.000776698939595422e+00
1.000765695239478559e+00
1.000715501893762127e+00
1.000600763459282394e+00
1.000582066132006842e+00
1.000486992141234266e+00
1.000650413109208658e+00
1.000692575191063138e+00
1.000622057618211436e+00
1.000574736312713542e+00
1.000610509448706331e+00
1.000598565084895197e+00
1.000523193709662362e+00
1.000643445659380015e+00
1.000674247210182166e+00
1.000658439227320784e+00
1.000745491883866967e+00
1.000746869401363925e+00
1.000690598012191623e+00
1.000550239841512479e+00
1.000540736675779030e+00
1.000530445128072543e+00
1.000532860467206131e+00
1.000483735564425158e+00
1.000577628865716884e+00
1.000590488250617804e+00
1.000577770999107496e+00
1.000329097549321311e+00
1.000622707017791768e+00
1.000522772260826532e+00
1.000591661100837193e+00
1.000628982286658530e+00
1.000613430027693207e+00
1.000617086105400899e+00
1.000629638740445415e+00
1.000557869660527732e+00
1.000524936699971779e+00
1.000486899866922297e+00
1.000384099738429899e+00
1.000453072992376402e+00
1.000564413608033609e+00
1.000545324114185286e+00
1.000477090597405638e+00
1.000427635974223683e+00
1.000502556816420752e+00
1.000444891726726571e+00
1.000584714291957500e+00
1.000567335938119973e+00
1.000536999411824279e+00
1.000608114640123336e+00
1.000615522819024550e+00
1.000544765726963936e+00
1.000488507886200695e+00
1.000427786301570698e+00
1.000396152690302465e+00
1.000495422908397103e+00
1.000428575560119437e+00
1.000466452576730614e+00
1.000434542652500536e+00
1.000518896986560602e+00
1.000372782646893333e+00
1.000421305305358555e+00
1.000530800056971925e+00
1.000488989743348434e+00
1.000551157463259733e+00
1.000557124093717221e+00
1.000609240280374568e+00
1.000503614564985488e+00
1.000451191978015686e+00
1.000442132313415611e+00
1.000476607063909062e+00
1.000342161201699831e+00
1.000316135898166925e+00
1.000537746793184857e+00
1.000471289781406981e+00
1.000392460567429698e+00
1.000444251533968654e+00
1.000419348446956125e+00
1.000445130993452114e+00
1.000475361118934758e+00
1.000521409680696472e+00
1.000502791211835385e+00
1.000550919322676924e+00
1.000513998143218064e+00
1.000449149040666841e+00
1.000404083274802458e+00
1.000307170972027926e+00
1.000410072699627673e+00
1.000343007827726893e+00
1.000432021950667050e+00
1.000417464327781225e+00
1.000351501681046695e+00
1.000264169347877097e+00
1.000352942049245186e+00
1.000457618956644756e+00
1.000515641160200975e+00
1.000504267776229250e+00
1.000493146893595142e+00
1.000544402318665593e+00
1.000535079849557585e+00
1.000457519771551729e+00
1.000418128428163023e+00
1.000343387374787119e+00
1.000434446303575253e+00
1.000434741539181438e+00
1.000227300156716792e+00
1.000286939800719477e+00
1.000290599036230521e+00
1.000287419549535706e+00
1.000216632402730843e+00
1.000336116372595896e+00
1.000468878652366778e+00
1.000387716265015436e+00
1.000454486453186798e+00
1.000438912756233423e+00
1.000475307106724943e+00
1.000378328840800801e+00
1.000345790939412449e+00
1.000349004140065778e+00
1.000382439587821803e+00
1.000067333656378787e+00
1.000223248214200611e+00
1.000335210486456017e+00
1.000329413398604039e+00
1.000206128757429314e+00
1.000214877168854821e+00
1.000195120054789610e+00
1.000333337862889804e+00
1.000302770783940920e+00
1.000374421036425376e+00
1.000295974523559117e+00
1.000412853258755508e+00
1.000378245101974706e+00
1.000366253017681339e+00
1.000247869079138763e+00
1.000273802462326778e+00
1.000045391146599405e+00
1.000334308218652879e+00
1.000158587127859766e+00
1.000269882448947101e+00
1.000164572613656100e+00
1.000106434828170521e+00
1.000173522759572275e+00
1.000302100041648767e+00
1.000297395785492593e+00
1.000335609112709134e+00
1.000282584920547224e+00
1.000387247740469387e+00
1.000350150781058378e+00
1.000349060788051636e+00
1.000171118009140825e+00
1.000220375368780834e+00
1.000127478049789076e+00
1.000189327781025428e+00
1.000057242360843812e+00
1.000277749794295179e+00
1.000226065742711112e+00
1.000220765718355942e+00
1.000010987959547570e+00
1.000216039185805483e+00
1.000205502664763824e+00
1.000283560950546713e+00
1.000259860724762806e+00
1.000282158890383410e+00
1.000237607600825251e+00
1.000308039309666164e+00
1.000210149184923791e+00
1.000252747970838962e+00
1.000131310739120094e+00
1.000084275851692572e+00
1.000005188316056781e+00
1.000141125376011075e+00
1.000106891407601006e+00
1.000144300355457760e+00
9.999413534787467972e-01
1.000107568615967724e+00
1.000120277759501297e+00
1.000281853121093967e+00
1.000190521579678027e+00
1.000240101337444454e+00
1.000193813144667265e+00
1.000282097730180286e+00
1.000126847938266339e+00
1.000141290933006299e+00
9.999936009201041420e-01
1.000162430893311694e+00
9.999921935806608264e-01
1.000144593765977197e+00
1.000123981491628289e+00
1.000118700820664008e+00
1.000080743421353890e+00
9.999647451986635183e-01
1.000080507780602979e+00
1.000237869072142072e+00
1.000158508141848701e+00
1.000206955910959428e+00
1.000151189112481243e+00
1.000253418187459831e+00
1.000109902265008843e+00
1.000109830491594076e+00
1.000055579653924331e+00
1.000075418125320192e+00
1.000043397169802173e+00
1.000161496539510475e+00
1.000037416841651261e+00
1.000051540081313473e+00
9.999796441497071919e-01
9.999388644126360193e-01
9.999002924355876454e-01
1.000104174566995185e+00
1.000143476407731935e+00
1.000165811972097307e+00
1.000119524691419626e+00
1.000151039484179716e+00
1.000158895961580585e+00
1.000116925089841846e+00
1.000015805872134456e+00
1.000029359600510537e+00
9.998760205422062564e-01
1.000021661044937282e+00
9.999802671229932605e-01
9.999557502734993664e-01
9.999183481681443997e-01
9.998101921708121287e-01
1.000031404516870781e+00
9.998814353902659713e-01
1.000036825718440658e+00
9.999910288207286557e-01
9.999948116839434409e-01
1.000066726110147686e+00
1.000108147112594104e+00
1.000017149295645114e+00
9.998921758732212117e-01
9.998648533508331937e-01
9.999201056179615188e-01
9.997492171635892211e-01
9.999500392565633389e-01
9.998758580291003950e-01
9.999584912748457066e-01
9.997501731626367016e-01
9.998688659832264403e-01
9.998174935471951796e-01
9.999340348184690974e-01
9.999037525107485891e-01
1.000025434649068234e+00
9.999148072462760162e-01
1.000021326104625130e+00
9.999556453663193123e-01
9.999932710657187807e-01
9.998960279934230311e-01
9.999820833012265098e-01
9.997677167702897494e-01
9.999317512848406864e-01
9.998180770340582280e-01
9.998995003914662449e-01
9.998247539274408568e-01
9.997151821713187170e-01
9.996969060597543644e-01
9.998529217325194951e-01
9.998269740262897276e-01
9.999588228943250279e-01
9.998221491934042859e-01
9.999917607587106572e-01
9.999044825627464439e-01
9.999310148657581943e-01
9.998010251039751717e-01
9.998309266074468793e-01
9.996387790079556135e-01
9.997369110004854509e-01
9.997320880128632847e-01
9.997998364941756977e-01
9.997359301454767921e-01
9.997488014609394735e-01
9.996922118343574137e-01
9.997713520995153980e-01
9.997911259401016659e-01
9.998442048631398515e-01
9.998171533583176673e-01
9.999043946294219332e-01
9.998723755142537861e-01
9.998685276825786117e-01
9.997080122077361963e-01
9.997686469245634644e-01
9.997290310155203530e-01
9.998000510309595912e-01
9.995122103914886313e-01
9.997315327198473822e-01
9.997487230106817391e-01
9.996990079829295439e-01
9.996523189985581093e-01
9.996484975076985746e-01
9.997341694635674125e-01
9.997902868863074444e-01
9.997853301267672910e-01
9.997659788299295691e-01
9.998444990722299419e-01
9.998222939316884217e-01
9.997321920413421159e-01
9.997159958971973959e-01
9.996181295505360831e-01
9.997077168885769582e-01
9.996709973641625391e-01
9.996422486269453955e-01
9.996861251259187009e-01
9.996146274673362031e-01
9.995985896922158220e-01
9.996355645475761831e-01
9.996701577389429660e-01
9.997365745162388739e-01
9.997933394200575474e-01
9.996993577741628556e-01
9.997866759595918085e-01
9.997624832232333558e-01
9.997483394201562845e-01
9.995939460842060420e-01
9.996390762565783294e-01
9.996953995178208263e-01
9.995403771346584865e-01
9.995597724429343689e-01
9.996111123627893225e-01
9.995618243920814106e-01
9.995499624332810917e-01
9.995405905266717683e-01
9.996054258742410603e-01
9.996959714878155268e-01
9.996955301641250458e-01
9.996966147077782638e-01
9.997281326870619544e-01
9.997243194676752598e-01
9.996750248394087324e-01
9.996250216956326096e-01
9.996457997854599764e-01
9.996680766665585471e-01
9.993746441609886455e-01
9.993836633140606995e-01
9.996306164044774789e-01
9.995251703238678953e-01
9.995324127366971290e-01
9.994823009983213602e-01
9.994651066636600634e-01
9.995824819530599870e-01
9.996314101592929102e-01
9.996188316341604319e-01
9.996471714156881516e-01
9.996210780501918469e-01
9.996927498738099604e-01
9.995721316343166851e-01
9.995982555067794983e-01
9.995234154875105581e-01
9.995131930566619749e-01
9.995110779735495443e-01
9.994298333946854962e-01
9.994803731988026740e-01
9.994228676777456855e-01
9.994789785858442244e-01
9.995026869875954789e-01
9.994563430520490011e-01
9.995634888413580388e-01
9.995857070601735783e-01
9.995650369816677649e-01
9.996075202735578147e-01
9.996590134192937516e-01
9.995871354071260706e-01
9.995416757421017317e-01
9.995491716474980137e-01
9.995175077248555917e-01
9.992994482022052871e-01
9.993975767534016841e-01
9.995298685704538943e-01
9.995080686235706668e-01
9.995093230759680702e-01
9.993229656783245707e-01
9.994071591130245791e-01
9.994956825890403129e-01
9.995584473198134701e-01
9.995980076266226533e-01
9.995450476355075553e-01
9.995785427614662932e-01
9.995661243262423667e-01
9.995045488362986896e-01
9.994714023476917175e-01
9.993937211226888717e-01
9.994225319638274652e-01
9.994072401851228360e-01
9.995307089494972486e-01
9.994777723945771353e-01
9.994475633763050260e-01
9.993037876428085831e-01
9.994207366781375779e-01
9.994457981100840493e-01
9.994947752312441924e-01
9.995133268688255468e-01
9.994085116601074681e-01
9.995249255586867720e-01
9.995074204119327455e-01
9.994605089619502669e-01
9.993568196388363800e-01
9.992737849668330563e-01
9.993130992281760161e-01
9.994615270812096108e-01
9.993516869224574606e-01
9.993806886565201886e-01
9.993592488198110857e-01
9.992347951014760588e-01
9.992478233654222830e-01
9.992802621659363504e-01
9.994448837599031465e-01
9.993579887745301926e-01
9.994008792248085804e-01
9.994196082707837991e-01
9.994826959882315842e-01
9.993652717645528094e-01
9.993213432633691884e-01
9.993015645063202390e-01
9.992518743969149853e-01
9.992068089714186696e-01
9.992788776522317784e-01
9.993351511495337514e-01
9.993154002862162377e-01
9.992219458796930409e-01
9.992201411396399724e-01
9.992506410294338393e-01
9.993524866192372569e-01
9.993554782823003135e-01
9.993452775462988713e-01
9.992974191125766348e-01
9.993499690021704351e-01
9.993599838664373181e-01
9.993077285540789001e-01
9.992085190411750251e-01
9.991660022675670216e-01
9.992195549558479106e-01
9.992944273465237393e-01
9.991640060648132593e-01
9.991889648496844467e-01
9.991209719017563051e-01
9.990417123672261646e-01
9.991918234975475377e-01
9.991841844751161439e-01
9.992835810809165276e-01
9.992418578437215482e-01
9.992626927952140692e-01
9.992705710395886065e-01
9.993192452337477105e-01
9.992722378536637029e-01
9.991350215960992376e-01
9.991479631440588483e-01
9.992037892633920393e-01
9.990929475267855686e-01
9.990180655340396010e-01
9.991620856926223260e-01
9.990936753017244376e-01
9.990708858878922793e-01
9.990644579117445856e-01
9.990288928264552393e-01
9.990905493155428641e-01
9.991349809855977204e-01
9.991603270797254632e-01
9.991932704876906879e-01
9.991901738349144857e-01
9.991907163774851330e-01
9.991369653294068787e-01
9.991174789910229892e-01
9.990509245272279903e-01
9.990879569390203052e-01
9.989339043468827839e-01
9.990645228708141534e-01
9.990031134253885003e-01
9.989550823442054917e-01
9.989713862836978597e-01
9.990005917151482118e-01
9.990865993188270400e-01
9.991180885680007728e-01
9.991305153778274883e-01
9.991114140509387287e-01
9.991337074784176764e-01
9.991553765019985933e-01
9.990708485372449266e-01
9.989762802829071919e-01
9.989458377935832578e-01
9.988874289611054946e-01
9.990697959672953932e-01
9.989474566696504576e-01
9.989629854826883593e-01
9.989739945407924981e-01
9.988567007347357585e-01
9.988927648188516972e-01
9.989706886073327352e-01
9.990081033997763038e-01
9.990589079498125580e-01
9.989985554468121531e-01
9.990871787792994230e-01
9.990789487353006759e-01
9.990557615826595184e-01
9.989528448871244359e-01
9.989384625562747200e-01
9.989228278542106043e-01
9.987961207252356033e-01
9.988881093332430128e-01
9.989464516334840560e-01
9.989224625809661751e-01
9.988362888291721919e-01
9.989102666672674546e-01
9.989333491858242153e-01
9.989716112384297020e-01
9.989879676154227450e-01
9.990481615284226846e-01
9.990102094910399133e-01
9.990380672866207012e-01
9.989972153179382808e-01
9.990090811311382879e-01
9.988713758457138381e-01
9.989164599644750897e-01
9.988289839361280675e-01
9.988757506501163563e-01
9.988622257155266304e-01
9.988698913248179601e-01
9.988097333147827328e-01
9.988106559920137961e-01
9.988949791023911118e-01
9.988026251502425401e-01
9.989368852641908880e-01
9.988985312775475744e-01
9.989183724840552392e-01
9.989455651724362673e-01
9.989957751927547314e-01
9.989067237793026743e-01
9.988176134491271174e-01
9.988009881044787042e-01
9.987943855323772047e-01
9.988909762405088211e-01
9.988496998285039119e-01
9.988676809971556159e-01
9.988653767905468772e-01
9.988891014186542794e-01
9.987488132619656289e-01
9.986825866314549272e-01
9.989012261385529223e-01
9.988930148128279951e-01
9.989268357096908746e-01
9.988926868499110601e-01
9.989612284893449878e-01
9.989047558794376114e-01
9.988719156649258357e-01
9.988077119890935718e-01
9.988229265910816279e-01
9.986302480415555349e-01
9.986931716785624191e-01
9.988082165280778302e-01
9.988039697118196170e-01
9.987629163157464296e-01
9.986924987928502695e-01
9.985883415366273441e-01
9.988293719303659168e-01
9.988089304539874425e-01
9.988965952750048505e-01
9.988441118693062171e-01
9.988929525787291208e-01
9.988897842337608468e-01
9.988417310673149974e-01
9.987889577139973385e-01
9.987985043296588872e-01
9.986965317547683574e-01
9.987344690919917056e-01
9.987226621914322422e-01
9.987908669672410644e-01
9.986814353164297220e-01
9.987097423520104877e-01
9.986688247844734967e-01
9.987745676889397961e-01
9.987039406785799267e-01
9.988894470112832380e-01
9.987905704120817463e-01
9.988667723843609458e-01
9.988202778161981987e-01
9.988291148540864306e-01
9.986239908558421918e-01
9.987376576567512654e-01
9.985968339507009794e-01
9.985372892074162454e-01
9.985274079195283203e-01
9.987598598293569996e-01
9.986291359410148782e-01
9.986687342564237735e-01
9.984334582412381920e-01
9.987419315656037577e-01
9.986606682509567845e-01
9.988061079174536117e-01
9.987233229951788527e-01
9.987529579788334555e-01
9.987332481166484310e-01
9.987899517335817601e-01
9.986723553538788822e-01
9.986819049061049780e-01
9.986049041985641805e-01
9.985910133686296541e-01
9.985346306552160822e-01
9.986398147879063103e-01
9.984680598894301040e-01
9.985409973057287614e-01
9.983497463929780213e-01
9.986683419715886023e-01
9.985818839610473008e-01
9.987528628831539024e-01
9.986687345260560900e-01
9.986820556979083552e-01
9.986595270755338483e-01
9.987396851186282065e-01
9.986129881971507194e-01
9.986149377722768339e-01
9.984783153491758600e-01
9.985535695618291685e-01
9.986088084386671726e-01
9.984547248413619958e-01
9.984255838059078458e-01
9.985062191364619810e-01
9.985352832707748982e-01
9.984888753581514509e-01
9.984644905316686359e-01
9.986512339422510820e-01
9.985857893848365530e-01
9.986108034921010734e-01
9.986343889247701888e-01
9.986779012297526403e-01
9.985676872664914772e-01
9.985383971648673640e-01
9.985047838995251279e-01
9.985324862988325112e-01
9.982843840279654879e-01
9.985795775845933697e-01
9.985178539520739305e-01
9.985328042941211679e-01
9.984021749672578050e-01
9.983591419721742355e-01
9.983047076485309645e-01
9.985807104162608416e-01
9.985241152083056404e-01
9.985844439391209360e-01
9.985143821327675528e-01
9.986051645640393604e-01
9.985678914066794531e-01
9.985385435987709224e-01
9.984359287734383415e-01
9.983841976515690497e-01
9.984474637257275687e-01
9.984471360849861421e-01
9.984165158781941329e-01
9.984413027767604643e-01
9.983620968033992682e-01
9.983006999381726088e-01
9.984116385522167070e-01
9.984422523204163902e-01
9.985626601400799940e-01
9.985166647918500837e-01
9.985022247010044705e-01
9.985247981208517087e-01
9.986311564821762632e-01
9.985026600861033330e-01
9.984286715669639101e-01
9.983481695238766163e-01
9.984839823895139688e-01
9.983723704514925190e-01
9.983724519106408346e-01
9.984529546650287024e-01
9.984546285510685903e-01
9.984616842364865130e-01
9.983579077134290269e-01
9.982694107889579227e-01
9.984455380049425122e-01
9.984654813220649183e-01
9.985110540741374274e-01
9.984375482591405504e-01
9.984948337000889573e-01
9.984604344643748242e-01
9.984021979383640444e-01
9.983586085862159454e-01
9.982802593428525828e-01
9.983191725312692277e-01
9.983638523284537047e-01
9.984413124679173412e-01
9.983589005815443063e-01
9.983332703233638306e-01
9.981852723480446610e-01
9.983948191142179018e-01
9.983953778538541268e-01
9.984515695290208104e-01
9.984055215635146974e-01
9.984095276308392330e-01
9.984510260406289639e-01
9.985009285398706025e-01
9.983808821259838595e-01
9.983444866609235691e-01
9.982123510708585945e-01
9.984112009229869633e-01
9.983710577805371411e-01
9.984016478748105605e-01
9.983208544841618570e-01
9.983638728243071636e-01
9.982669003767882243e-01
9.984658091062152963e-01
9.982997826105276529e-01
9.984266011341385028e-01
9.984248946741718367e-01
9.984382634466982820e-01
9.984757720573297357e-01
9.984894958642001050e-01
9.984094647206736006e-01
9.983231887611825339e-01
9.983117614792271777e-01
9.983001313329135096e-01
9.982310610099778270e-01
9.982905885078723340e-01
9.983909306544894724e-01
9.984448692536087577e-01
9.984031601783697196e-01
9.981498215732516055e-01
9.981830960439312950e-01
9.983384359617463177e-01
9.983345957531285508e-01
9.983923337996376546e-01
9.983615898845072945e-01
9.984222827066369099e-01
9.984360442183579654e-01
9.983603291575605665e-01
9.983129994730959300e-01
9.983066925448735862e-01
9.981439651785108946e-01
9.982649168590981281e-01
9.982831355434180765e-01
9.982561162460116266e-01
9.981515348911889074e-01
9.981632627723603379e-01
9.981979067661311822e-01
9.982965956264808760e-01
9.983507310297884407e-01
9.983460961302713654e-01
9.983489174753347184e-01
9.984129182988238371e-01
9.984179769429979423e-01
9.983536790222707902e-01
9.982496678086045794e-01
9.983255828001030840e-01
9.983362878458229561e-01
9.979745989072974499e-01
9.980175946321424574e-01
9.981295048439295936e-01
9.981325488858121542e-01
9.981270681009842827e-01
9.980870712055962546e-01
9.980658220000779846e-01
9.982300907154910696e-01
9.982078073437771204e-01
9.982494140722412146e-01
9.982817534813720473e-01
9.982842272481970980e-01
9.982399093196568929e-01
9.981830529434149168e-01
9.982370945740421941e-01
9.982700884721714685e-01
9.978634580441857471e-01
9.980055082151335633e-01
9.980781902865976107e-01
9.980690838415455790e-01
9.980286944334950672e-01
9.980245447635484046e-01
9.979212733387566869e-01
9.981807395468622612e-01
9.982115397767549192e-01
9.982310049935858576e-01
9.981916773436837476e-01
9.982014144619139051e-01
9.982532169297509972e-01
9.981616366367105364e-01
9.980979583611752082e-01
9.980876714736132138e-01
9.981029723155414590e-01
9.979872708686791105e-01
9.980725766716245229e-01
9.980983451535091477e-01
9.980556745808351060e-01
9.979636694599438584e-01
9.980780076985530380e-01
9.979421544653984677e-01
9.980839427920590312e-01
9.980946027552488609e-01
9.980961197359534687e-01
9.981555398109434041e-01
9.981527137569496944e-01
9.980612768550007896e-01
9.979521138303539818e-01
9.979427975177500576e-01
9.980840959655462585e-01
9.978651494383967702e-01
9.979994303112020848e-01
9.980467388513409865e-01
9.980344972573087503e-01
9.978947779327503875e-01
9.979134245921985613e-01
9.978427729972413340e-01
9.980014915808693710e-01
9.980673652134447460e-01
9.980673099327669329e-01
9.980254760131113123e-01
9.980709368560579664e-01
9.980131222404762248e-01
9.980111348419979933e-01
9.979374383552439554e-01
9.979634171206892557e-01
9.978219519113421532e-01
9.979578450774866383e-01
9.979504765778050013e-01
9.978977042397534358e-01
9.978692893049277979e-01
9.977726355451387308e-01
9.978921714260359233e-01
9.979551395723914586e-01
9.980225550305229509e-01
9.980151951278051214e-01
9.979628524320296457e-01
9.979930070002497322e-01
9.980417187368587628e-01
9.979961600509379416e-01
9.978518015638484506e-01
9.978212990977166630e-01
9.977958141367685441e-01
9.978844569023750388e-01
9.978921407973191382e-01
9.979640952136039633e-01
9.979102476385240950e-01
9.978296417035993349e-01
9.978422208547211847e-01
9.978320125870887569e-01
9.978784243463705295e-01
9.979963688537029087e-01
9.979524101276422421e-01
9.979794623532093345e-01
9.979862824218824757e-01
9.979413843727218403e-01
9.978539320455191985e-01
9.978874927530587691e-01
9.978046677776860607e-01
9.978604958179129181e-01
9.978033833632885541e-01
9.978672690854720750e-01
9.978537305633137233e-01
9.978067701380578525e-01
9.977128053212580561e-01
9.978211355301980223e-01
9.978688044036437832e-01
9.979113246831740058e-01
9.978703314082070230e-01
9.978700348348957805e-01
9.979310926757076761e-01
9.979468654372362080e-01
9.979144015003077461e-01
9.978158281679710973e-01
9.978080372425226496e-01
9.977229690260971395e-01
9.977394273068601604e-01
9.977719563202621655e-01
9.977695838354879720e-01
9.977506834069878039e-01
9.977124193008697350e-01
9.976773364878592787e-01
9.977381333698166488e-01
9.978339416373335213e-01
9.978308414551269045e-01
9.978273504066582644e-01
9.978700601721057772e-01
9.978932492971459567e-01
9.978076619995772667e-01
9.977359128828092727e-01
9.976961564586641629e-01
9.977661740834489201e-01
9.976678331962169910e-01
9.977393740615981832e-01
9.977845869719161875e-01
9.977469570554691192e-01
9.977297660745279018e-01
9.977260333070671061e-01
9.975191024879500601e-01
9.977326632510050697e-01
9.977645217800199529e-01
9.977504725767943894e-01
9.977805046156896784e-01
9.977640094334768728e-01
9.976807348133919229e-01
9.977288099126991883e-01
9.976834518073248725e-01
9.976866104307717809e-01
9.974171413961200328e-01
9.977129814228213878e-01
9.976752706337411736e-01
9.976307320166213355e-01
9.975720966094576703e-01
9.975907651274671384e-01
9.975498690008720581e-01
9.976223586200249072e-01
9.976740985747086787e-01
9.976706490700867347e-01
9.976789334161311196e-01
9.977319516428062585e-01
9.977146943759590547e-01
9.976652165229866753e-01
9.975966040103941834e-01
9.975580331515664367e-01
9.974754321404138979e-01
9.975594986936141551e-01
9.975340927304471306e-01
9.975543299735383229e-01
9.974751879312319103e-01
9.975271642238122682e-01
9.975141078196304578e-01
9.975112197597674202e-01
9.975772296375707837e-01
9.976210099442669454e-01
9.975932278348385029e-01
9.976900946091484812e-01
9.976834374943458483e-01
9.975911011224014580e-01
9.974855482719886535e-01
9.975397677782563699e-01
9.974934832743969082e-01
9.974040566263779883e-01
9.973978313078201152e-01
9.975498514340723766e-01
9.974951686685168406e-01
9.974201055990804532e-01
9.973914867812677665e-01
9.975776373343794301e-01
9.975757953498759489e-01
9.976147862579933800e-01
9.976011211849409310e-01
9.975885033373590449e-01
9.976081504553958590e-01
9.976045186882521731e-01
9.975351581666994649e-01
9.974954303495465746e-01
9.974415905614726352e-01
9.975301296354371905e-01
9.973836399952373810e-01
9.974773587363576777e-01
9.974227838920933786e-01
9.974402820292901373e-01
9.972161622256157099e-01
9.973341197392616708e-01
9.974218806311027086e-01
9.975090949980922606e-01
9.975009879912917210e-01
9.974853842432349627e-01
9.974957074423314030e-01
9.976395732469022226e-01
9.974750084043833009e-01
9.974285097168973380e-01
9.973619875636635657e-01
9.975393928882211325e-01
9.972520365354416993e-01
9.973504145137970234e-01
9.973904650519211934e-01
9.974164514595886821e-01
9.973382634190112173e-01
9.972860572563321258e-01
9.973182740275378100e-01
9.974614740625877829e-01
9.974406905458645944e-01
9.975414801420517952e-01
9.974508277325865313e-01
9.975459899238495742e-01
9.974394590334958455e-01
9.974395219006090274e-01
9.973749896892748490e-01
9.973632064373694206e-01
9.971952667878443144e-01
9.973150821658524068e-01
9.973774707582339083e-01
9.973547644250008171e-01
9.973157538359377350e-01
9.971879763686332110e-01
9.972419578485421932e-01
9.974406011855281307e-01
9.974127211320811259e-01
9.974345953947177934e-01
9.973346123838359167e-01
9.974630830050705832e-01
9.974089354478428149e-01
9.974081628055950777e-01
9.972803907709885118e-01
9.972560389811703230e-01
9.971694911127133576e-01
9.973794558567157242e-01
9.973182067345311985e-01
9.973203049181718072e-01
9.972776578113698998e-01
9.972423907015394162e-01
9.972783963629826554e-01
9.971874124320233568e-01
9.973460648143182006e-01
9.973420140487447849e-01
9.973674246447582492e-01
9.973841681196425890e-01
9.973681110694720964e-01
9.973469325342727565e-01
9.972150887847479606e-01
9.972283373071257895e-01
9.972151380041400781e-01
9.971408530659574554e-01
9.970522991288379711e-01
9.972001793783176193e-01
9.971852501969343807e-01
9.970361446346822643e-01
9.971031694495319231e-01
9.970457587654960596e-01
9.972076734769189654e-01
9.972541024356400552e-01
9.972688097563242593e-01
9.972218417447942240e-01
9.972561902083707519e-01
9.972314676552188617e-01
9.971761971716565087e-01
9.971486013070962606e-01
9.971153756369750543e-01
9.969877378276654767e-01
9.970669884142430162e-01
9.971430893901473969e-01
9.970980252589889403e-01
9.969729427657133547e-01
9.970476533718869439e-01
9.970404299867855480e-01
9.971299172914535047e-01
9.971732484745912117e-01
9.971532289568117990e-01
9.971644219364561579e-01
9.971811270096759827e-01
9.972139315173612628e-01
9.971513726496858965e-01
9.970620711570618022e-01
9.969936823469591758e-01
9.970161643047766864e-01
9.971464910964654704e-01
9.969794756276338932e-01
9.970643966018740700e-01
9.970504109992398556e-01
9.970053309607500580e-01
9.969479910779726062e-01
9.969327485447611048e-01
9.970656165825213524e-01
9.970853554922618489e-01
9.971286390264230137e-01
9.971325287118005809e-01
9.971813917727861964e-01
9.970908605195262231e-01
9.970076211059574200e-01
9.970634596139390515e-01
9.971342322798051327e-01
9.968366911071565584e-01
9.968340564328106446e-01
9.970180974945921371e-01
9.970476595238174644e-01
9.969191410030424638e-01
9.969231740827790844e-01
9.968341374547565747e-01
9.970230355781803944e-01
9.970779147508421758e-01
9.970905581724857081e-01
9.970035132305364867e-01
9.970703782011710592e-01
9.970745304859618408e-01
9.970496363075694868e-01
9.969539762142567429e-01
9.969182704405302742e-01
9.968543216750875846e-01
9.969098749272742310e-01
9.969492681474402263e-01
9.969256737454202932e-01
9.968677269294665688e-01
9.969380431683304566e-01
9.969082877852389890e-01
9.968806276552042434e-01
9.970083814010612944e-01
9.969569267837845583e-01
9.969293158115227760e-01
9.969945829055075759e-01
9.970400318531164041e-01
9.969844511540858489e-01
9.968188464019990258e-01
9.968053964633828423e-01
9.968783433303881614e-01
9.969088968594879141e-01
9.967756246200707437e-01
9.968547937795120273e-01
9.968164482453409914e-01
9.967267072518117832e-01
9.967755963333526648e-01
9.966988381538550712e-01
9.968797802658468932e-01
9.969234672437367051e-01
9.969250700102103568e-01
9.969106199985330319e-01
9.968906604423682927e-01
9.968968399338129505e-01
9.968449491233390969e-01
9.968126151703644577e-01
9.968053615096318376e-01
9.966404892352427325e-01
9.966185918003039879e-01
9.967776837480434304e-01
9.967982379589214181e-01
9.967068626158328559e-01
9.966902282823338899e-01
9.966495130538238767e-01
9.967919681725340153e-01
9.968792346896298007e-01
9.968317078130439768e-01
9.968401817561728384e-01
9.968579254335699913e-01
9.969056597727156133e-01
9.968456431103692728e-01
9.967498457042635041e-01
9.967531791963755161e-01
9.967446463735578632e-01
9.967488567218791840e-01
9.965862941691139287e-01
9.966734776446005695e-01
9.966177332294818836e-01
9.965452412555588779e-01
9.967208434071422873e-01
9.966417902706464771e-01
9.967449156460450599e-01
9.967887809234567964e-01
9.967738554639964388e-01
9.967758580270270619e-01
9.968089353069921055e-01
9.967194597241976206e-01
9.966395321087346826e-01
9.966424184545846776e-01
9.966886121643491192e-01
9.965071386695227851e-01
9.964920516432231867e-01
9.966617377532411837e-01
9.966168181360403056e-01
9.966052559827032198e-01
9.963566194519748453e-01
9.965670202000549427e-01
9.966676839469428284e-01
9.967057058403313574e-01
9.967114100910547947e-01
9.966536498153145684e-01
9.967330623379957455e-01
9.966869378292987358e-01
9.966579988032872039e-01
9.965806848926945793e-01
9.966056102572192765e-01
9.964992805080927774e-01
9.964615144100362754e-01
9.965947285724018334e-01
9.965804298880784895e-01
9.965273589049258307e-01
9.964160367652268313e-01
9.964035868786436101e-01
9.965559115487170327e-01
9.965377808815288896e-01
9.966492525881039954e-01
9.965575073517696225e-01
9.966683282513966180e-01
9.966670441004540359e-01
9.966368079877097053e-01
9.964851009792671244e-01
9.964706087768945286e-01
9.965015860821889726e-01
9.965207410887745310e-01
9.964964052470872691e-01
9.965373968465531807e-01
9.964827721172282438e-01
9.965334215806493923e-01
9.964144300359163431e-01
9.964164350556850014e-01
9.964222167702257993e-01
9.965301452503114721e-01
9.964103217944462187e-01
9.964574340337000180e-01
9.963821226038143131e-01
9.962425066837597987e-01
9.960506732167252464e-01
9.959010280319886554e-01
9.956217027580962498e-01
9.953782288554420266e-01
9.950346327494242749e-01
9.946960530452266802e-01
9.940186050135514373e-01
9.931664663632971957e-01
9.918142178243428697e-01
9.903101374265829149e-01
9.882725741735737257e-01
9.855264321738389510e-01
9.817327741032906285e-01
9.766977548937054721e-01
9.700194446861432063e-01
9.610103541756502832e-01
9.490345004296321108e-01
9.329409891185679315e-01
9.109907772318124319e-01
8.804610997694681807e-01
8.360230844003940787e-01
7.407579032364415283e-01
