2.434893252637221617e-01
1.546572188100469314e-01
1.125349370384283176e-01
8.431607009084528259e-02
6.513069615005906421e-02
5.219358083295559669e-02
4.345898263443964682e-02
3.808262481590297260e-02
3.499139263491668483e-02
3.355942299975686605e-02
3.281215747468697180e-02
3.260076607644856600e-02
3.254186180208668011e-02
3.262156667516358244e-02
3.272453887871049766e-02
3.285677149298320276e-02
3.284630698781802055e-02
3.300595309677695210e-02
3.310890767016682473e-02
3.318552107133417722e-02
3.312125361047692229e-02
3.318205062346472889e-02
3.322374686106090158e-02
3.323060376842736779e-02
3.323196354102560951e-02
3.323671097330815893e-02
3.328619712188655988e-02
3.325900809082068393e-02
3.328641949829319602e-02
3.327304724068990555e-02
3.326878830768321971e-02
3.318603134639464686e-02
3.302036294532840338e-02
3.308881624935815224e-02
3.314727650516372665e-02
3.321101501757089958e-02
3.314657307512699352e-02
3.316278998343449858e-02
3.324652559494488402e-02
3.323708594959406959e-02
3.312193354619391572e-02
3.311441599719127521e-02
3.317966680649019756e-02
3.312872739880256406e-02
3.312131944295908237e-02
3.312750720622224809e-02
3.308445952311301480e-02
3.309261997144973683e-02
3.312799788601288042e-02
3.299370269114722254e-02
3.301825213804743947e-02
3.308430500199896485e-02
3.301788957870722269e-02
3.302645284801442038e-02
3.311218075104707670e-02
3.302339320667233014e-02
3.299608191530632728e-02
3.299409502979513964e-02
3.296653955871755443e-02
3.301844180218409947e-02
3.298809211641432620e-02
3.298048733412665967e-02
3.292500140561271937e-02
3.293393860835702042e-02
3.300356865576685450e-02
3.293818948115177087e-02
3.300609329760240129e-02
3.299857558295225812e-02
3.302743351763067631e-02
3.307830496915262902e-02
3.294288701560848381e-02
3.304904370776041295e-02
3.301823077104027587e-02
3.299119672884691379e-02
3.300274584682500595e-02
3.305326604522487027e-02
3.296416796478623956e-02
3.303151382347939424e-02
3.303673707414104405e-02
3.298420567932393993e-02
3.299385044361971553e-02
3.304626674713599666e-02
3.289240069750024031e-02
3.297971485600162400e-02
3.304105752469451568e-02
3.303591184037465295e-02
3.285739655270503851e-02
3.310655582672682867e-02
3.304505213234325278e-02
3.298981177575188023e-02
3.296112312104262226e-02
3.298872320076721293e-02
3.300160927635560626e-02
3.301479219664551351e-02
3.299182668786632827e-02
3.293668582941818718e-02
3.290384461064226052e-02
3.299680726655897234e-02
3.274499919859652497e-02
3.288145754630784207e-02
3.290698595527241643e-02
3.288993374574082640e-02
3.282997905171364250e-02
3.289448437704652062e-02
3.291614487048025173e-02
3.287283756075688734e-02
3.284401047374500837e-02
3.286016629820643492e-02
3.285047257319667624e-02
3.281122447976352746e-02
3.281449216397815810e-02
3.280402203676503758e-02
3.275822367313865890e-02
3.272977570691180255e-02
3.269622712238709483e-02
3.271058960845981550e-02
3.276315619518571642e-02
3.279878784768935213e-02
3.281166693639513132e-02
3.263043569714148273e-02
3.277017567962330763e-02
3.272374336094410752e-02
3.267612424899441620e-02
3.271337820073438873e-02
3.280055168737511934e-02
3.267657323411855136e-02
3.275656324143682435e-02
3.267566652751346945e-02
3.269242315797295934e-02
3.264054291363561316e-02
3.272907710089374700e-02
3.248166578679052147e-02
3.263195756629422295e-02
3.266752882183448364e-02
3.272991543799620012e-02
3.252291036705448612e-02
3.267819381914532223e-02
3.268453999865620491e-02
3.261033347822461792e-02
3.261471871359532954e-02
3.261371362353821662e-02
3.268238843164279067e-02
3.266031026303004708e-02
3.263048318571140638e-02
3.262615123379844495e-02
3.256854618095801623e-02
3.248174594755139782e-02
3.254404580897520688e-02
3.258790442813035149e-02
3.258888639948055027e-02
3.257275013433616473e-02
3.257504527946162437e-02
3.253705477277122476e-02
3.254176593024668551e-02
3.255892984922473254e-02
3.252673815631999116e-02
3.256300582512680619e-02
3.252972000365710048e-02
3.248812841321939426e-02
3.254898687310527061e-02
3.256862944031705537e-02
3.248791580841152438e-02
3.248588302142643713e-02
3.255837636014650982e-02
3.241366029466746096e-02
3.249519606308098191e-02
3.254280405376602792e-02
3.248640916943117823e-02
3.248233297963807470e-02
3.254693391172387706e-02
3.254357894760195880e-02
3.248076187042644308e-02
3.250243213140194265e-02
3.254939560745030713e-02
3.249741415756144530e-02
3.253674744728189683e-02
3.255496025015033879e-02
3.245310688325051679e-02
3.245275824491441335e-02
3.255593797922261279e-02
3.232740642695357963e-02
3.239995170071414965e-02
3.246244656971750131e-02
3.243215279498494474e-02
3.236566406305606963e-02
3.242793487154516791e-02
3.253034777008929901e-02
3.244525554495281822e-02
3.237859321882143732e-02
3.238876121256878404e-02
3.240970809623224674e-02
3.237206716258544253e-02
3.237345435417671863e-02
3.240151682065618710e-02
3.236439700621137477e-02
3.229566610559701095e-02
3.228393890762371737e-02
3.230404837549388786e-02
3.231101472809586733e-02
3.233948647913963137e-02
3.227700593030111142e-02
3.232447027802985012e-02
3.235875211196476142e-02
3.234079885586906011e-02
3.228312057817616515e-02
3.233000024934590266e-02
3.240114682224554121e-02
3.232790965266520850e-02
3.231801593096730180e-02
3.232525751311807194e-02
3.233338245142748646e-02
3.231812325102326189e-02
3.220148494749765916e-02
3.218777513468695783e-02
3.225324550774372190e-02
3.236409393955177322e-02
3.234277315905505906e-02
3.222183330643212107e-02
3.236857931797101212e-02
3.237985397546492422e-02
3.232623720936571993e-02
3.227360275378783616e-02
3.231914814445104034e-02
3.233976562469573907e-02
3.233410441608878388e-02
3.235477260907487079e-02
3.230821297479301996e-02
3.229389389842499819e-02
3.226337747791892252e-02
3.217785497549226909e-02
3.231146533825930700e-02
3.225666558772887632e-02
3.230730177498870176e-02
3.225792479754686914e-02
3.226872737860318058e-02
3.235073152296144561e-02
3.224696763079858142e-02
3.221902778134855261e-02
3.228887131949793182e-02
3.222685859742208114e-02
3.224488810128620792e-02
3.222605156196175352e-02
3.219795537446451528e-02
3.219803130211535552e-02
3.223785810327893520e-02
3.213128603382509052e-02
3.212045271422286213e-02
3.214812666624635579e-02
3.221467506395572777e-02
3.215894074572260564e-02
3.208314728824573220e-02
3.223469698371213277e-02
3.222656415766484567e-02
3.212276776027397918e-02
3.214910249243107393e-02
3.216744805022014181e-02
3.211626138772131350e-02
3.210983210002689436e-02
3.216850344008756468e-02
3.213178528749811858e-02
3.204494812014291316e-02
3.208657183397632673e-02
3.207055829332402380e-02
3.216041448761697980e-02
3.211529543066687226e-02
3.217373060159186421e-02
3.202726516123793193e-02
3.218217842297012299e-02
3.213171228225494142e-02
3.210024343001580127e-02
3.211085954370426765e-02
3.204329721392076141e-02
3.211212483244731131e-02
3.212828094151445185e-02
3.208273288758794334e-02
3.209196967617562735e-02
3.201360729471394717e-02
3.210269766352858573e-02
3.203691468558052952e-02
3.209678860071014245e-02
3.205906057330430714e-02
3.212798619260775340e-02
3.202714573426564820e-02
3.211901013648787301e-02
3.209499338519185979e-02
3.205387274592938485e-02
3.205569942035820657e-02
3.203281616046037283e-02
3.205875711842751108e-02
3.202437501268571435e-02
3.203902522796840679e-02
3.205365675421182475e-02
3.201550733699214113e-02
3.201998840899784177e-02
3.203472794768383314e-02
3.191555507144842180e-02
3.197019440797562589e-02
3.206983967276895442e-02
3.197841169444834430e-02
3.186880537971183841e-02
3.206137297936792474e-02
3.205507096237528164e-02
3.189280263448166647e-02
3.194299491339458452e-02
3.197548138564439840e-02
3.200813901676589912e-02
3.198648047804657918e-02
3.195821772355312423e-02
3.191386982565138503e-02
3.186592441095315031e-02
3.201869928657002928e-02
3.189336102995839195e-02
3.193742118060636376e-02
3.200785387858922498e-02
3.192754114061666787e-02
3.187487353053847228e-02
3.191848827006708855e-02
3.193799542793573920e-02
3.186544634086055372e-02
3.186219592682226764e-02
3.184810477460272432e-02
3.197107336303808833e-02
3.187739699354959905e-02
3.187707449178896896e-02
3.192023581580574060e-02
3.190583476002898516e-02
3.190213820009502738e-02
3.194090636562714469e-02
3.187274603469805734e-02
3.185264275854998717e-02
3.190366412198163831e-02
3.186571029186045789e-02
3.182501927665047636e-02
3.190934750249842244e-02
3.190790756568960551e-02
3.186162623721164322e-02
3.186540064990692894e-02
3.190112549468508002e-02
3.182355806757330985e-02
3.189192105258661231e-02
3.181721304862120125e-02
3.181125475436984151e-02
3.176139084264312934e-02
3.191349174325991411e-02
3.172387131766096074e-02
3.174544666617798439e-02
3.185061595421611463e-02
3.180722788601884898e-02
3.171576416835027862e-02
3.180278709638536400e-02
3.176409749239641339e-02
3.177014050298101328e-02
3.175903627418162622e-02
3.173494250294878194e-02
3.181502621578941731e-02
3.175699424144165506e-02
3.179120851179124962e-02
3.178889074890237781e-02
3.179258465435413211e-02
3.178708773703973339e-02
3.177263207215948876e-02
3.170356664288462301e-02
3.178360712729922516e-02
3.183479360937382929e-02
3.176714166347638368e-02
3.174317766373416921e-02
3.176500483850321077e-02
3.173684238117992218e-02
3.174941797922140735e-02
3.172262220507874458e-02
3.178820412229645814e-02
3.177729100081026076e-02
3.178289372360696557e-02
3.178095608718568832e-02
3.176761323091160244e-02
3.174869233557496562e-02
3.174418745086341614e-02
3.168842383363025539e-02
3.177564394047173446e-02
3.177415719950587442e-02
3.174936759702321615e-02
3.170306715565609362e-02
3.179483699485936843e-02
3.182973164092522261e-02
3.171557360724990005e-02
3.177808898118009151e-02
3.175501764127042909e-02
3.169410430115614241e-02
3.172183954950415219e-02
3.171463638426885723e-02
3.166969290972867362e-02
3.163333116717923638e-02
3.176967905490614419e-02
3.160221116512425960e-02
3.162162032713591864e-02
3.172337139896921204e-02
3.166306688860896085e-02
3.155591719853764049e-02
3.167558200424024084e-02
3.164050511659895898e-02
3.165814542505988177e-02
3.162186167440949464e-02
3.159147163681416681e-02
3.165737467447908571e-02
3.165383921841973675e-02
3.158942749520567833e-02
3.163745538387539163e-02
3.161846700888564649e-02
3.159206012143724734e-02
3.155497007157855721e-02
3.153176873746753317e-02
3.158712028213050277e-02
3.161700147968572738e-02
3.162781445759703380e-02
3.156373875908777271e-02
3.162653735912282493e-02
3.159587017803362069e-02
3.154155484072895116e-02
3.154951402105809349e-02
3.159785977097694099e-02
3.157944369684424074e-02
3.158536818106327804e-02
3.157556991870891921e-02
3.155175924342127486e-02
3.145287789375563609e-02
3.152574723276851260e-02
3.144204387537070239e-02
3.144301194230804397e-02
3.153527856987204531e-02
3.149867180226965241e-02
3.147820140320473775e-02
3.157231880751351638e-02
3.155443785734011325e-02
3.139829080719024751e-02
3.146564161084193512e-02
3.142313125178823607e-02
3.153109613060924021e-02
3.153411428875912970e-02
3.149737090218090313e-02
3.144810674516990145e-02
3.148830199853592388e-02
3.142981535767286339e-02
3.124494599254948324e-02
3.133265984418393685e-02
3.145561026917788328e-02
3.139908205075419428e-02
3.143849866532483911e-02
3.139800754594063853e-02
3.145641426044983729e-02
3.139100188051493351e-02
3.135493769702957928e-02
3.139193729425335255e-02
3.146605660206842903e-02
3.143594670351983200e-02
3.144172849103305661e-02
3.143462617785119928e-02
3.142983662310581960e-02
3.128222083189467068e-02
3.141587487093068509e-02
3.138563834123605373e-02
3.145532803667112215e-02
3.145465256667438758e-02
3.144406929218808433e-02
3.137566811261480182e-02
3.150449904120943001e-02
3.149038673200163507e-02
3.141230993617029343e-02
3.142048752077686302e-02
3.147650823766064837e-02
3.139403019596490735e-02
3.143226270754607282e-02
3.144968549722571005e-02
3.137796483372729678e-02
3.127375893439006405e-02
3.156266026819969095e-02
3.125913110038826964e-02
3.135499073243241952e-02
3.142376504014569860e-02
3.140886102127040530e-02
3.135592575869081827e-02
3.149297807263918419e-02
3.145906834951752579e-02
3.136400328110603569e-02
3.140000459193616894e-02
3.139575880264172669e-02
3.144001132394880910e-02
3.141812723107056254e-02
3.140203295029100200e-02
3.138558461382102288e-02
3.137762587330523295e-02
3.144407434202962232e-02
3.122509881742908944e-02
3.124139875106315967e-02
3.134902456648915037e-02
3.134710657036977183e-02
3.129064194711012742e-02
3.129313431359673214e-02
3.138231279279545677e-02
3.132164799545151396e-02
3.129542216595997822e-02
3.135912773989653346e-02
3.135791230301628735e-02
3.134350163534692368e-02
3.135105180122218366e-02
3.137536049003126354e-02
3.133924205135019819e-02
3.129685049351332154e-02
3.138582064617828626e-02
3.123892493446421212e-02
3.126742560937812582e-02
3.135634925826666364e-02
3.130750956281253689e-02
3.122121435962355029e-02
3.137637566312780762e-02
3.128744580077327808e-02
3.120812656734780685e-02
3.126770218802547158e-02
3.126421838522334962e-02
3.120499527971300896e-02
3.130256341945927140e-02
3.126697411375707614e-02
3.128233756018001382e-02
3.124131455138337912e-02
3.123583568920084569e-02
3.106822823906557965e-02
3.121629178256998469e-02
3.124039352971564459e-02
3.123247088529676474e-02
3.111190397330762872e-02
3.119585253178873072e-02
3.122396365037404670e-02
3.125566506981894421e-02
3.120889053265640811e-02
3.121156129090823378e-02
3.125592564654576522e-02
3.122228267804473892e-02
3.116307387702633991e-02
3.124855392789402733e-02
3.116736365296875200e-02
3.129559475820407194e-02
3.115220290386698856e-02
3.115301704712324440e-02
3.113213842777015281e-02
3.120828883639513093e-02
3.118231350547603226e-02
3.108583028428923284e-02
3.121364895311377896e-02
3.118215366695887419e-02
3.109560664130970806e-02
3.109682083602218622e-02
3.115978297055227442e-02
3.116512366753430158e-02
3.117299521913768218e-02
3.119288715019052916e-02
3.114703087186582522e-02
3.101568203882010266e-02
3.119480080531182933e-02
3.109690696413551503e-02
3.111716695698961074e-02
3.121282710127312732e-02
3.125291016591370125e-02
3.108208374330704085e-02
3.121857737350229242e-02
3.119897539575412077e-02
3.111570629788704134e-02
3.108223050456991945e-02
3.118207154074990536e-02
3.113794197893019963e-02
3.116126233474492135e-02
3.112581228983636594e-02
3.109717660980865564e-02
3.108651592239961708e-02
3.121253732258807978e-02
3.103781561964930741e-02
3.102641209861353028e-02
3.108663831487760293e-02
3.109906676977650108e-02
3.112838889388405347e-02
3.103112429294641733e-02
3.108034866107231217e-02
3.109890439628189632e-02
3.105179623501171451e-02
3.106633953532402653e-02
3.106892801980139229e-02
3.106580877183959255e-02
3.101099291036016337e-02
3.106910067727190403e-02
3.098306967202259579e-02
3.098686317013641181e-02
3.103405100468466932e-02
3.100752136113855625e-02
3.103777248947984374e-02
3.114359762699603004e-02
3.107961201947316912e-02
3.094610996466043776e-02
3.108532839099251155e-02
3.106851195827795703e-02
3.101209057537899008e-02
3.103884551950588516e-02
3.109670594220963896e-02
3.104582938880744158e-02
3.109124002339441750e-02
3.109877036418185262e-02
3.105463129433918071e-02
3.096838322056254256e-02
3.109808791647524634e-02
3.101135229167339274e-02
3.100583961219917709e-02
3.112044499542373013e-02
3.104892616265927247e-02
3.102703302478884359e-02
3.103388467276121249e-02
3.108189015627375526e-02
3.099213660865301340e-02
3.107113469902041819e-02
3.097342386989079474e-02
3.105761160108288718e-02
3.099020454821562950e-02
3.107248842923695728e-02
3.104647886503217671e-02
3.095650972568073783e-02
3.102607841078906803e-02
3.094855081847053963e-02
3.090454258023215758e-02
3.099620394832543202e-02
3.101585404469012555e-02
3.094955001383701415e-02
3.096730209125074865e-02
3.105987313356634028e-02
3.098560833075978543e-02
3.096431699236968163e-02
3.094734897546726551e-02
3.103053344308318723e-02
3.096625066686337774e-02
3.099197839880473565e-02
3.102108496681504901e-02
3.099900379570149495e-02
3.098256861316719957e-02
3.089668654644169010e-02
3.084984758576733016e-02
3.090261804427628031e-02
3.093963056191583946e-02
3.097239508857010590e-02
3.096132656303109132e-02
3.105539323812863545e-02
3.096220180449929527e-02
3.091218814474924401e-02
3.093877562957791927e-02
3.099163559183382155e-02
3.094460405267877509e-02
3.097920574357297674e-02
3.101345730944961646e-02
3.097457896161060625e-02
3.099511925815329541e-02
3.110402838862288619e-02
3.069618444135922483e-02
3.086287300595665084e-02
3.086220020233928357e-02
3.093189507936955351e-02
3.098204828998212673e-02
3.095425675077950745e-02
3.102060238290295716e-02
3.090060597940249079e-02
3.089902926737876296e-02
3.091760976318921536e-02
3.094062772106272174e-02
3.091512718629552472e-02
3.090747016960065235e-02
3.093842588916874414e-02
3.088124400473654316e-02
3.087800577633775106e-02
3.089000813768194575e-02
3.091732881881546768e-02
3.088089507467436240e-02
3.097244065090608983e-02
3.088267304801740193e-02
3.095151765548827608e-02
3.100258052583833301e-02
3.100029436153710349e-02
3.089963745820366661e-02
3.093188384879072203e-02
3.100706280817231569e-02
3.091358265444505218e-02
3.096667516185959770e-02
3.100321902918885819e-02
3.095412821947985185e-02
3.082332325359448191e-02
3.101278194724069875e-02
3.079914927555998591e-02
3.086618781696668853e-02
3.096719193135033174e-02
3.093264692021769138e-02
3.086201858291525921e-02
3.092663605167108795e-02
3.092249009800563525e-02
3.083133369916157829e-02
3.087905889279952271e-02
3.089669397354337030e-02
3.091413077272121487e-02
3.092279006515646564e-02
3.092085576601765612e-02
3.087372195872205294e-02
3.091204673944020556e-02
3.091543909145330615e-02
3.096030613732500200e-02
3.086398269291228125e-02
3.094161263497477790e-02
3.092646556985221770e-02
3.090765877566363506e-02
3.081741611296721570e-02
3.096588241735657998e-02
3.089639893049613006e-02
3.084901468200082139e-02
3.081714106449510299e-02
3.092504629245459991e-02
3.082088199560400685e-02
3.085672806830002182e-02
3.085175777421409957e-02
3.081661883430987861e-02
3.074361968352463600e-02
3.082597984754959636e-02
3.078464191883995005e-02
3.077701131512514121e-02
3.083674369066278023e-02
3.086579649709370043e-02
3.072649776504166388e-02
3.083333665257023681e-02
3.083559301857641266e-02
3.079822552274270875e-02
3.076970091196472301e-02
3.089240140924485317e-02
3.082804206940271616e-02
3.086510255658298646e-02
3.081187311276818025e-02
3.082829096311226480e-02
3.074765908250004162e-02
3.089342958232941042e-02
3.067934665068256309e-02
3.081540936644894257e-02
3.089172761080402618e-02
3.086191445251227836e-02
3.080254991174144821e-02
3.084112829659901162e-02
3.083074381906848738e-02
3.082338561117304448e-02
3.082133667841982852e-02
3.079815864223067745e-02
3.087128967331180182e-02
3.084145742224802741e-02
3.082901287184049849e-02
3.086397420162518765e-02
3.083431935035137184e-02
3.076333704384336815e-02
3.080424900465843219e-02
3.079385176354748621e-02
3.078281374114527277e-02
3.084692664965530545e-02
3.084324090395135567e-02
3.072661918586422347e-02
3.085656067834521843e-02
3.083949269933725090e-02
3.081225114343496413e-02
3.076091022087041466e-02
3.081406398267176952e-02
3.079767289587268322e-02
3.081033529666033291e-02
3.081308103820564609e-02
3.077388577773539427e-02
3.077220518838777452e-02
3.074727598865910697e-02
3.064720342199533237e-02
3.072126064273477536e-02
3.080227876768786011e-02
3.079356112517460387e-02
3.068651929023787431e-02
3.078522365986543358e-02
3.073336122058560604e-02
3.072398309702526614e-02
3.071375431225857947e-02
3.074999798186098601e-02
3.075899829741466848e-02
3.077061236361941510e-02
3.075919667981344419e-02
3.067632996403256776e-02
3.071527475821739239e-02
3.078684467324625459e-02
3.071263757975739583e-02
3.073796426542052193e-02
3.077346903117094204e-02
3.080310063225169884e-02
3.070972180241791916e-02
3.079642234715638735e-02
3.080620441479355043e-02
3.081543875498178944e-02
3.075187001776859622e-02
3.072928154369308773e-02
3.080216316672854809e-02
3.077299298879064907e-02
3.078338388827933300e-02
3.075018940485403293e-02
3.074087310538696841e-02
3.077153186652959588e-02
3.069096150036773607e-02
3.063674605290685193e-02
3.068516402066533491e-02
3.073838414522094345e-02
3.074046042991151334e-02
3.061421471708965919e-02
3.083137727945331127e-02
3.070049666858059093e-02
3.068809051915286773e-02
3.068184733370177275e-02
3.075605466669428800e-02
3.073232488764681553e-02
3.079268199187897015e-02
3.075461773404326166e-02
3.069022573828058750e-02
3.075825053784516511e-02
3.076064961512228746e-02
3.059262475695573649e-02
3.070659249311863750e-02
3.070865266989710601e-02
3.069597018051061291e-02
3.068013048189294559e-02
3.064660903319199603e-02
3.076416454530820493e-02
3.068261674012047469e-02
3.070381239279113342e-02
3.068817089113255736e-02
3.068217804085425840e-02
3.070713141629814388e-02
3.069039785217762481e-02
3.068385514474009437e-02
3.063253534375198067e-02
3.065649997456177181e-02
3.052335000627467293e-02
3.059067983663469811e-02
3.054110077039677226e-02
3.063968438102500705e-02
3.061657272811163857e-02
3.062652750939854132e-02
3.074047285900685308e-02
3.065321700139951935e-02
3.059582631417816223e-02
3.060507532679563464e-02
3.067266517162434147e-02
3.063698537662399787e-02
3.066572437314846536e-02
3.073835194631649795e-02
3.060942348666225929e-02
3.061495342992631361e-02
3.068414957899076242e-02
3.054974702347591081e-02
3.060025327209540263e-02
3.060986972583917137e-02
3.068973854420933497e-02
3.056267771409131029e-02
3.068668731593882093e-02
3.064424787176794895e-02
3.058483210068936239e-02
3.060316545983874162e-02
3.061634568987134722e-02
3.065262009089808268e-02
3.059535933311985714e-02
3.072322044996400603e-02
3.061399043817914639e-02
3.057628109800823377e-02
3.061789669226450475e-02
3.046857059610877730e-02
3.057857857102469837e-02
3.065400330150373082e-02
3.058301324586786343e-02
3.062303314864758125e-02
3.059349530842049927e-02
3.063162279205377050e-02
3.065319045029097494e-02
3.060135774639161782e-02
3.062146035361363802e-02
3.063423172607305026e-02
3.062992113307368494e-02
3.063155722271180409e-02
3.065569669311291046e-02
3.058205586171610854e-02
3.051154996806637945e-02
3.050238895975157169e-02
3.058700266158020584e-02
3.054116645014765333e-02
3.061503417198504010e-02
3.059159170919149850e-02
3.059191895016053972e-02
3.065547786849818698e-02
3.064884766389154927e-02
3.062383023518266967e-02
3.060850192820134888e-02
3.065721789471533704e-02
3.055613625879880987e-02
3.062809957853158613e-02
3.067731853428950009e-02
3.060686723086327582e-02
3.049247674912219930e-02
3.071867010821251187e-02
3.056640954077016054e-02
3.055549608371213588e-02
3.068385054228053160e-02
3.063422006012680651e-02
3.062761140102000443e-02
3.060645870803104657e-02
3.065311949252721296e-02
3.052454943615239696e-02
3.057939478363451771e-02
3.061539822796372282e-02
3.060735147894274449e-02
3.063309031099447147e-02
3.057299729748393438e-02
3.055865687493035041e-02
3.052672634757003234e-02
3.060320932461346732e-02
3.048765059035209862e-02
3.048969984878642861e-02
3.055237716162354650e-02
3.049132945688973542e-02
3.051773248298631294e-02
3.049416629752473712e-02
3.058272601692416104e-02
3.049731023810495559e-02
3.051120842466318109e-02
3.048828910332318509e-02
3.056391530764875422e-02
3.047554928065823038e-02
3.052972070076101149e-02
3.044406392795609081e-02
3.044012610368182492e-02
3.048888517435302883e-02
3.055433165002881257e-02
3.045772391094290696e-02
3.048396257335741696e-02
3.058025179598196364e-02
3.052824604467933509e-02
3.046384143191810737e-02
3.055061770385692280e-02
3.049220402548820028e-02
3.051243408652016750e-02
3.047434253588074404e-02
3.053476758248266712e-02
3.049442035750649094e-02
3.056361571205242628e-02
3.053243087042286502e-02
3.054477919470442726e-02
3.055270374732643041e-02
3.050090566209190390e-02
3.036573356432355555e-02
3.045442362908232573e-02
3.055780696117161091e-02
3.056511474508849871e-02
3.048013068735351896e-02
3.054804464480516749e-02
3.057313102145817890e-02
3.052695679612486140e-02
3.053825161659954809e-02
3.049545936904680260e-02
3.053247049159444476e-02
3.052975600518701912e-02
3.052576425934456356e-02
3.053103146509189222e-02
3.045960668664517146e-02
3.052243918689686447e-02
3.048498178000291076e-02
3.048421850422455837e-02
3.049418076661796276e-02
3.054732082395295381e-02
3.051249183865739623e-02
3.043362661866352500e-02
3.045479153961407406e-02
3.047869274787915264e-02
3.039140306220257035e-02
3.044113427243606146e-02
3.050186804611876648e-02
3.047054703714099227e-02
3.043239725232348841e-02
3.054385015721851337e-02
3.049622661976900476e-02
3.042589914739999776e-02
3.037902329682158967e-02
3.039104586878662792e-02
3.038187929178111021e-02
3.049792299544230173e-02
3.050218010535235905e-02
3.046105138027161569e-02
3.046829600339954688e-02
3.046470804627805784e-02
3.040943157248208670e-02
3.046876732191711179e-02
3.046329156783159769e-02
3.049305687079130120e-02
3.043360243857972172e-02
3.047771406587126974e-02
3.043256355186479273e-02
3.050333527751064588e-02
3.045766297178615148e-02
3.041687164258801215e-02
3.032907716124818437e-02
3.037052199155328147e-02
3.037928105879258642e-02
3.044343420242775350e-02
3.044504863445340534e-02
3.048379270157500903e-02
3.044371815163917500e-02
3.043109673389551850e-02
3.039359719478293073e-02
3.050271430005275369e-02
3.044062434363774619e-02
3.042503524814615251e-02
3.040326828123789127e-02
3.045595038176328664e-02
3.040130937812594164e-02
3.045588069600788442e-02
3.037267110713967252e-02
3.034596906747676764e-02
3.037368956281265991e-02
3.037320285899795108e-02
3.037584318035303765e-02
3.047355359215214027e-02
3.043461442272529793e-02
3.035725013144326481e-02
3.035739585233367122e-02
3.042247503621121896e-02
3.037624952348027402e-02
3.042153780544905664e-02
3.039772397364116918e-02
3.039357770793025063e-02
3.036751367215998615e-02
3.041269045557475764e-02
3.030238767331383531e-02
3.033372240662531374e-02
3.038901815281207577e-02
3.036835842017684972e-02
3.035179525438057302e-02
3.045289221903420621e-02
3.047778804909471312e-02
3.045220358003080871e-02
3.049256396512695436e-02
3.047035987096152407e-02
3.045516284945022981e-02
3.048817719265848117e-02
3.048481309929938765e-02
3.051747824605959003e-02
3.047973268014604609e-02
3.056660961841915422e-02
3.051004707394155968e-02
3.043315892688244761e-02
3.050200400077101096e-02
3.051617191460806802e-02
3.043054872564197183e-02
3.049011988713968765e-02
3.052812728402099288e-02
3.050688966355279835e-02
3.049391780444654296e-02
3.048155398212264514e-02
3.054662832990668112e-02
3.047022931950960425e-02
3.050086558670169271e-02
3.044046205707131442e-02
3.043807177431010272e-02
3.048919517265890472e-02
3.045193014307894311e-02
3.038622136298577484e-02
3.039072380994786715e-02
3.041728165205289172e-02
3.041833060857117299e-02
3.036402507120135666e-02
3.051023429962611624e-02
3.038172527742405774e-02
3.043507721839934857e-02
3.042309784610713885e-02
3.045710887735789130e-02
3.041100166567667351e-02
3.045345398500541242e-02
3.045248360336804197e-02
3.044354993446383301e-02
3.042794984715475187e-02
3.046870533349872040e-02
3.025386134145966258e-02
3.032125798970965180e-02
3.037913590009609990e-02
3.037125763832793784e-02
3.043162641125251797e-02
3.037561780547284526e-02
3.041616832964037787e-02
3.037008065669948714e-02
3.036157586685036061e-02
3.037008175345397992e-02
3.041660711344626802e-02
3.044408457607481258e-02
3.038538924796733293e-02
3.041172353965086728e-02
3.043331468703381129e-02
3.036512734110101766e-02
3.032246636902322448e-02
3.029797506797704196e-02
3.036540511275371071e-02
3.045289503104946921e-02
3.047467850617482932e-02
3.044154217508393892e-02
3.051998220902860798e-02
3.046317982022342385e-02
3.045145865359330517e-02
3.046767906324273842e-02
3.048696493447727515e-02
3.043441569072659683e-02
3.048159563647002968e-02
3.048444795541117164e-02
3.049037925193694154e-02
3.038809963366451150e-02
3.049827454376252342e-02
3.042563493367029387e-02
3.044318539993052034e-02
3.053124010832056895e-02
3.047824317457513421e-02
3.054196629229920593e-02
3.059513382106901838e-02
3.055102281483779852e-02
3.050469920483622407e-02
3.055264716124378443e-02
3.054750573752859980e-02
3.053281692295860619e-02
3.051395116225208079e-02
3.050279358952641406e-02
3.047500754889556976e-02
3.033974498216909094e-02
3.056318390212992703e-02
3.045857193813557989e-02
3.051932238617030557e-02
3.051164456487193491e-02
3.053151394210425196e-02
3.057848846473562240e-02
3.046851875400477874e-02
3.055757103299294730e-02
3.050325252673442150e-02
3.047214211070278095e-02
3.047767262896288951e-02
3.057157404715239377e-02
3.050731080130376568e-02
3.048977401947675775e-02
3.052542087304546681e-02
3.050517712956906172e-02
3.051183952236711378e-02
3.063940885867024594e-02
3.051568774500103623e-02
3.055010103390598530e-02
3.057920138991629747e-02
3.060119387578320860e-02
3.049735344578079904e-02
3.069889137775182880e-02
3.063128804962077928e-02
3.061725717889133766e-02
3.058308102152077976e-02
3.064682010499284251e-02
3.054816928299581777e-02
3.059797064432734706e-02
3.063737678940583672e-02
3.060225838939816673e-02
3.056483607636234848e-02
3.063934631177128373e-02
3.048002509510447031e-02
3.057768044452312262e-02
3.059478241711907631e-02
3.062801553727525355e-02
3.049695827946483084e-02
3.061025313514553411e-02
3.058775395464675972e-02
3.050447358864657316e-02
3.056977720948942170e-02
3.050203730269353958e-02
3.052468127278486210e-02
3.051988696303628915e-02
3.054700768345858242e-02
3.054435721538770188e-02
3.050517682577586973e-02
3.047846266202809337e-02
3.050566815042186214e-02
3.052110254572837356e-02
3.055374642673580263e-02
3.056550099699522141e-02
3.055615200157328279e-02
3.043166484841134181e-02
3.057807345251927281e-02
3.056611911831074585e-02
3.051213146430387102e-02
3.051997822725369125e-02
3.058755724926601194e-02
3.052350815455715308e-02
3.060591696889809407e-02
3.064112508870604420e-02
3.059115831254640219e-02
3.058273767997556764e-02
3.064740892033939249e-02
3.044193684324421334e-02
3.047164922886178018e-02
3.047967000857781938e-02
3.051874400605276635e-02
3.043699648035641525e-02
3.067117418625636693e-02
3.060870098234716452e-02
3.048435393671724072e-02
3.040720611537075721e-02
3.059622775691798677e-02
3.065318223212216975e-02
3.071576649186502292e-02
3.065151268205558791e-02
3.070212654847819314e-02
3.068003804384632563e-02
3.064310217053566043e-02
3.051307880962326330e-02
3.059212901974947552e-02
3.062281433594486388e-02
3.065035423963820629e-02
3.066212656071909404e-02
3.062363030556137719e-02
3.064882703407654368e-02
3.062906888326692723e-02
3.062322309988477556e-02
3.060753057334963598e-02
3.064045438321883613e-02
3.059986355700670263e-02
3.063024926472091014e-02
3.065380702606546048e-02
3.063190890634874888e-02
3.059281092019491832e-02
3.066983766977573328e-02
3.058110963190372594e-02
3.054564799699533567e-02
3.066034707743835533e-02
3.063471184604961775e-02
3.057351749296483359e-02
3.075231779229484208e-02
3.071353047695794813e-02
3.062911157548445229e-02
3.062847885354685884e-02
3.065675909722658313e-02
3.066783161445801875e-02
3.067912698396818225e-02
3.068307489574756061e-02
3.063830096467856992e-02
3.061597987701165577e-02
3.070399818115674556e-02
3.053268683944021511e-02
3.057872521935261698e-02
3.066648499478833584e-02
3.061791367592189145e-02
3.059411900856677524e-02
3.063895901539816224e-02
3.071638155421447039e-02
3.061353260222693384e-02
3.074681619479157496e-02
3.069002679268537093e-02
3.072246746856810776e-02
3.068831105156949457e-02
3.069813124168506435e-02
3.070228849200801885e-02
3.067300202941704301e-02
3.061479267816289568e-02
3.072802575787302384e-02
3.067601567423759723e-02
3.070452725702142380e-02
3.075605406306827425e-02
3.073128408830970090e-02
3.065037959647229707e-02
3.079262339351684571e-02
3.072434663583387127e-02
3.069974903771073571e-02
3.072699550197448282e-02
3.077875997459085869e-02
3.072915167745692358e-02
3.073243394675015394e-02
3.078345741016606449e-02
3.070270543067288652e-02
3.072456654133844112e-02
3.078980490891328886e-02
3.062004214055816242e-02
3.066304336635310851e-02
3.075158553696820743e-02
3.073775473051805138e-02
3.064338398156889881e-02
3.076856843251375012e-02
3.074909544882772558e-02
3.071641688540271628e-02
3.074222137378235242e-02
3.077042618192359774e-02
3.073473764565187727e-02
3.080999404283793486e-02
3.076423619848875704e-02
3.078642952581637018e-02
3.076398678327840058e-02
3.075485919735119686e-02
3.067639545474351928e-02
3.078033775826964635e-02
3.081523941946019002e-02
3.082383070056699675e-02
3.085579377756428668e-02
3.085680718830339370e-02
3.087202973801615041e-02
3.079530403818848613e-02
3.080890927450143785e-02
3.080134798576498675e-02
3.088776723969162419e-02
3.083163148215355490e-02
3.087162840084835616e-02
3.081697518884061321e-02
3.083776458996872333e-02
3.077644950832236423e-02
3.080144829473868348e-02
3.077916052136377492e-02
3.077167106042060299e-02
3.081752999545115529e-02
3.083411378630633928e-02
3.076772614776639853e-02
3.092663224333968772e-02
3.085773800766645342e-02
3.082461694362864310e-02
3.081656987240448398e-02
3.083778601418684512e-02
3.078784701977240260e-02
3.081983908432617963e-02
3.082789492243986906e-02
3.083255745320849159e-02
3.073867474099019684e-02
3.084410863901594635e-02
3.075390200753927439e-02
3.081975511394201284e-02
3.083783499557155722e-02
3.084110014313078477e-02
3.071625961466651483e-02
3.088806249899834003e-02
3.083978073248160034e-02
3.081121093371209929e-02
3.083748092369232099e-02
3.082203270390054470e-02
3.082655015432875581e-02
3.087501304019023979e-02
3.080757092996817131e-02
3.080352826454214182e-02
3.082006314659368335e-02
3.088738906260159525e-02
3.071666351232510070e-02
3.082863570850412696e-02
3.084695427930654252e-02
3.086749996185607012e-02
3.084239514004596602e-02
3.090844491619089418e-02
3.092014691645628491e-02
3.085813421455178493e-02
3.085374672792358386e-02
3.089702152185110420e-02
3.094521018925570216e-02
3.087657003089612148e-02
3.088408633999530431e-02
3.095564273582227313e-02
3.090091649720389314e-02
3.085489169836013595e-02
3.085296251468054585e-02
3.082397942573553498e-02
3.085615815542516391e-02
3.093444169723882226e-02
3.094780667415448008e-02
3.079229439930920853e-02
3.097231722185929403e-02
3.084379003142048714e-02
3.083137991407035663e-02
3.082351724604161930e-02
3.093106490387793894e-02
3.084799621333492517e-02
3.092873366968026602e-02
3.087922795868492873e-02
3.089652516343526639e-02
3.090901523662747952e-02
3.093620910147920275e-02
3.087001649207650814e-02
3.095907024413798239e-02
3.090368522374993543e-02
3.100294192209318220e-02
3.095101504693898928e-02
3.099892265268384961e-02
3.096336004789851729e-02
3.101218910758423916e-02
3.093500282281264405e-02
3.095833794245619539e-02
3.096965923672600693e-02
3.102891035512921405e-02
3.099826986611003282e-02
3.102699496396531947e-02
3.096097231261289717e-02
3.100508138797712643e-02
3.098101901031789437e-02
3.094542584800344387e-02
3.093147612945534169e-02
3.099468901916298952e-02
3.098493829282422674e-02
3.096794210132007910e-02
3.104453361684129942e-02
3.101286269627699307e-02
3.096943480230590975e-02
3.099288046645546843e-02
3.102528037060683919e-02
3.098017024807283790e-02
3.101735098189096693e-02
3.110110843822961116e-02
3.100131867000787203e-02
3.105671760687663333e-02
3.105777904131255124e-02
3.081938951114191957e-02
3.094400064104808890e-02
3.098741637602262997e-02
3.097678563961972151e-02
3.093997567450071026e-02
3.103125894260747725e-02
3.101759953964626851e-02
3.100602424868998536e-02
3.102922355442426158e-02
3.098412865573348454e-02
3.096293417399008374e-02
3.098344949223138731e-02
3.098759732552652801e-02
3.097604751313662308e-02
3.093914634151396711e-02
3.096235335253031892e-02
3.096341411251873899e-02
3.096349705428510721e-02
3.096344974067482408e-02
3.095929761470201866e-02
3.095527681832476591e-02
3.099605669726539225e-02
3.100438741116431224e-02
3.099369553077583120e-02
3.099188119990792939e-02
3.098842502203809704e-02
3.107608348610241267e-02
3.102669855591867060e-02
3.105965507390516869e-02
3.104488661821441786e-02
3.113370713953978255e-02
3.104000929077198323e-02
3.098516537286272882e-02
3.092824565767495273e-02
3.104433870279917421e-02
3.108315504011012823e-02
3.105640169956864691e-02
3.096587466920086573e-02
3.117898037570696057e-02
3.109471878437915920e-02
3.110964407881187943e-02
3.112376830089246676e-02
3.123772363928604273e-02
3.111371488135979135e-02
3.114661779531259153e-02
3.113256324537207534e-02
3.112581784184338327e-02
3.107760873511171418e-02
3.114936737700828989e-02
3.103520122591443831e-02
3.112363260381787941e-02
3.114725787783362287e-02
3.116439904800774943e-02
3.103373304113560618e-02
3.118949888995464770e-02
3.115916048233902808e-02
3.112596101856990316e-02
3.114093344890099882e-02
3.116947663673858004e-02
3.117980833080043895e-02
3.118151395868004605e-02
3.118923735344049028e-02
3.120878908411365421e-02
3.121393743555878064e-02
3.114235829518008369e-02
3.106733421021954863e-02
3.109485041951643228e-02
3.113296360152700490e-02
3.112603332086356575e-02
3.119123900794196214e-02
3.105177526421239870e-02
3.120358010580297214e-02
3.110584765484207884e-02
3.113809125791781179e-02
3.113787932210695247e-02
3.120129544815428493e-02
3.115772358794268240e-02
3.115229069255162284e-02
3.116657704191877140e-02
3.116730856028674182e-02
3.105196369986313459e-02
3.112668712711386121e-02
3.104968997143788337e-02
3.108986052032703187e-02
3.115660075072297988e-02
3.118812029334628103e-02
3.109289503773600069e-02
3.124355706654844550e-02
3.121926856421707031e-02
3.116096493876301804e-02
3.118566430149160434e-02
3.126312679469926692e-02
3.117552276238709161e-02
3.122281562950046316e-02
3.122238640046899605e-02
3.125018006574700052e-02
3.125049676237787871e-02
3.123250862809631018e-02
3.113340199981473599e-02
3.120755609233693412e-02
3.130897069024064089e-02
3.129973388714463872e-02
3.119015342970304222e-02
3.125622893747039693e-02
3.134363689852862761e-02
3.124889855860816384e-02
3.127941282835001308e-02
3.132027536206861279e-02
3.128504749789358386e-02
3.131994535147458042e-02
3.132670661536396395e-02
3.139236886942484844e-02
3.136092941456374017e-02
3.137338856445803098e-02
3.126295547304108052e-02
3.130336836463657596e-02
3.128674156208673118e-02
3.136437959743139381e-02
3.135250044257426733e-02
3.138080813943733283e-02
3.135830506304735504e-02
3.138192959686895295e-02
3.134595490379168264e-02
3.136474227678948123e-02
3.139380327330611176e-02
3.134611073081565447e-02
3.135561307741389914e-02
3.136424612478520835e-02
3.135946247275141208e-02
3.133598931939116788e-02
3.135606296028554257e-02
3.125335705113139323e-02
3.135143478847354087e-02
3.138589535321547469e-02
3.134693692474464083e-02
3.127341410771648095e-02
3.145792880223329674e-02
3.140542148028356573e-02
3.140026565417406573e-02
3.141956279233449473e-02
3.141754933826394758e-02
3.138656938298674259e-02
3.143184201330688488e-02
3.138284582738650602e-02
3.139439312913977487e-02
3.136900231825669183e-02
3.161027044631661148e-02
3.136154403003959396e-02
3.144691455640272887e-02
3.145629061590242415e-02
3.147055350910220317e-02
3.145189033877131973e-02
3.148841623905983267e-02
3.147064861464834301e-02
3.148145570920871106e-02
3.146792561365963081e-02
3.151925236965855137e-02
3.152249285453927186e-02
3.155298993303083666e-02
3.156610231021923785e-02
3.156127137899707863e-02
3.154492598867711384e-02
3.148045519919012714e-02
3.149842081457254056e-02
3.154371692691086693e-02
3.155856126278680507e-02
3.162257507220293806e-02
3.162231042286268307e-02
3.154079556989161648e-02
3.164823516993114233e-02
3.160050896139576793e-02
3.154025213860801174e-02
3.159739576091772500e-02
3.164986152857006407e-02
3.157917190426395154e-02
3.159493696639723015e-02
3.165341080155818776e-02
3.162509429563811064e-02
3.154402247758038291e-02
3.157838541467248433e-02
3.153699467836167808e-02
3.158506396242638514e-02
3.159212418096932207e-02
3.158129497650736389e-02
3.156128246028255813e-02
3.159958319973364682e-02
3.164071517700305092e-02
3.155228447149225485e-02
3.158507227672055495e-02
3.157645704126305769e-02
3.162237433896673139e-02
3.161932264913228791e-02
3.160858719058682459e-02
3.158547541990907453e-02
3.160526826439197245e-02
3.158397555130620232e-02
3.164850033505055282e-02
3.158228337743323316e-02
3.159204756154566918e-02
3.165855880373898840e-02
3.167287850281797629e-02
3.157048311097110371e-02
3.165084291840127018e-02
3.164773956987781273e-02
3.159739931919151867e-02
3.160318028316590894e-02
3.168553662731598414e-02
3.167355695449138031e-02
3.172037459650130925e-02
3.168673875695767611e-02
3.172661212984641266e-02
3.167185066867505422e-02
3.159024057601584473e-02
3.154494400775414986e-02
3.161287221420724242e-02
3.166235021601559313e-02
3.167311150886808341e-02
3.159510388728656305e-02
3.174777488799575970e-02
3.171231941605100191e-02
3.164979084872418524e-02
3.165716349661066437e-02
3.170512103486013145e-02
3.169700237995431991e-02
3.176506294886245058e-02
3.176446279799383793e-02
3.174618974345103095e-02
3.181878759211766855e-02
3.177721663573718908e-02
3.164456411548483700e-02
3.173704167540832011e-02
3.175474559087272663e-02
3.175712093314361772e-02
3.172719773159344420e-02
3.176523296093654997e-02
3.183128258741611122e-02
3.180774476742927875e-02
3.178407565907433174e-02
3.179594807387312733e-02
3.180465254154329208e-02
3.179922624811571535e-02
3.183222270244835672e-02
3.188751509357776182e-02
3.179063225037069562e-02
3.190366146968420802e-02
3.183021150409694883e-02
3.175109301627066644e-02
3.179088736551701627e-02
3.185666634461559871e-02
3.183948544816117554e-02
3.180510273114083714e-02
3.188349955926821078e-02
3.186049214017918491e-02
3.180189758368606040e-02
3.183320858380528362e-02
3.187777083725041455e-02
3.184984554013165631e-02
3.186421511630428693e-02
3.190658780137146933e-02
3.188806676383046379e-02
3.186913348467432239e-02
3.184813071700743486e-02
3.174621798879599666e-02
3.182118809101134455e-02
3.187402188108581086e-02
3.185370526646816997e-02
3.180186938849373368e-02
3.194244195951888299e-02
3.191492324996093172e-02
3.187713369469166030e-02
3.193223373026660844e-02
3.190707995857285789e-02
3.197114782235224717e-02
3.194018229968723782e-02
3.193296793826552737e-02
3.195488998437105710e-02
3.196424614586963059e-02
3.200477492509194027e-02
3.195692530370671663e-02
3.197299977430366480e-02
3.195103285325465864e-02
3.197740419764140418e-02
3.200895985882278721e-02
3.196370911379883134e-02
3.209834011859463015e-02
3.200088664579889275e-02
3.201334226053133281e-02
3.200081437296939391e-02
3.207243958138666223e-02
3.200231028275325740e-02
3.205528680267280550e-02
3.209306586704176179e-02
3.200375215166084697e-02
3.208457672249239584e-02
3.210427487883155129e-02
3.201579608491571249e-02
3.200988382118766240e-02
3.207185277171802074e-02
3.207576485312497311e-02
3.203457225327949187e-02
3.211859304481641531e-02
3.211805305482238332e-02
3.206194849855353163e-02
3.210726490531550653e-02
3.210091376094004884e-02
3.215124182270275716e-02
3.217127540348060921e-02
3.213220448951892988e-02
3.215022140517456717e-02
3.216520489933493571e-02
3.212612743117675140e-02
3.205558133841990981e-02
3.210585564796841068e-02
3.216516012539437364e-02
3.216100084230874567e-02
3.215290993676910708e-02
3.217332543514426352e-02
3.223218808854295958e-02
3.221195530338810675e-02
3.223007053937312905e-02
3.216529327927623166e-02
3.221010063316831484e-02
3.223814186703301277e-02
3.224079613067707545e-02
3.226876627580814449e-02
3.227578967310803376e-02
3.221406065070151620e-02
3.229242315573498112e-02
3.219155515758080621e-02
3.230199468200822821e-02
3.230534281284573594e-02
3.223390150559755224e-02
3.222766242218485372e-02
3.231624856873639012e-02
3.229292724459902758e-02
3.227680663199212346e-02
3.230982270936645639e-02
3.231183688903064427e-02
3.230447733642047292e-02
3.232934619052445224e-02
3.236931365537939337e-02
3.229034275838961465e-02
3.223407472045251854e-02
3.236635406927385744e-02
3.225551726709616207e-02
3.232232336839070685e-02
3.239119451676118061e-02
3.235001972030831369e-02
3.228765757635732037e-02
3.233783033929887168e-02
3.240267628798564753e-02
3.234664128226055063e-02
3.235417493754096790e-02
3.229461832990326853e-02
3.235471085019036436e-02
3.236272589198539024e-02
3.238583030028167192e-02
3.232757454979155731e-02
3.236912178063366952e-02
3.234862254725624081e-02
3.232540000709929057e-02
3.232268541093961250e-02
3.237507874162865590e-02
3.238884738176769224e-02
3.240266805987074977e-02
3.233340208821306599e-02
3.243727290121230927e-02
3.237771425487964705e-02
3.238796846862566914e-02
3.236759921932594319e-02
3.244298119889534732e-02
3.236391193404186684e-02
3.242864956488777928e-02
3.244331456988350237e-02
3.247387400423223242e-02
3.243614510827738662e-02
3.249732693807889233e-02
3.235925959988372735e-02
3.245192029065365608e-02
3.245718111209657669e-02
3.245661850056045378e-02
3.239215607603690428e-02
3.249926141940934904e-02
3.247335892028619525e-02
3.244142076853322176e-02
3.244594028938097008e-02
3.249617876092059793e-02
3.250136398492586842e-02
3.256877459793606350e-02
3.253341156223214098e-02
3.256086622427190047e-02
3.249460198913323161e-02
3.261962274714289706e-02
3.238854275583005066e-02
3.247145078786783240e-02
3.253850632306767160e-02
3.257492417985699551e-02
3.253256679786859645e-02
3.263985782087670817e-02
3.261536357085473292e-02
3.260533002043539130e-02
3.261703210451463719e-02
3.262768887689859731e-02
3.262051243285410407e-02
3.268053290737937128e-02
3.262164811737927606e-02
3.272729617326639029e-02
3.261937367061628484e-02
3.266611934541092249e-02
3.261499189170509461e-02
3.262056453902573844e-02
3.262623563089528389e-02
3.265979003742643105e-02
3.267576227720087739e-02
3.269207279634479824e-02
3.268411463668723094e-02
3.277157074896290545e-02
3.264130551583821482e-02
3.272119561413496663e-02
3.272233416949252988e-02
3.270191980209598975e-02
3.274338071568658193e-02
3.276750535235338491e-02
3.275437914645952520e-02
3.275717659064851517e-02
3.285873785865161406e-02
3.269250919195026972e-02
3.270762609234911106e-02
3.278680173444755569e-02
3.272726787005946630e-02
3.276695520532493106e-02
3.284024844738234888e-02
3.285894669795979411e-02
3.276671849656749569e-02
3.288716949165033931e-02
3.279383147787440222e-02
3.284037784569217994e-02
3.282501113177638957e-02
3.290588082168938167e-02
3.280526172374216565e-02
3.286659531118376470e-02
3.291107620178946452e-02
3.275252216346499767e-02
3.284713117829511642e-02
3.288885232101167871e-02
3.285552538460536492e-02
3.295155598161651073e-02
3.283363870184751593e-02
3.295566426452639641e-02
3.289847057717916468e-02
3.290836690368478118e-02
3.286720306928663654e-02
3.289840640177962849e-02
3.296454272309012196e-02
3.298601540880859162e-02
3.295869238460218120e-02
3.300144948755382585e-02
3.289476502605733627e-02
3.291845454005973975e-02
3.287671209452026899e-02
3.293289047745936310e-02
3.299286855337191932e-02
3.299942510830432274e-02
3.291321983638210991e-02
3.304337794921705790e-02
3.302266105675632363e-02
3.294726411987583536e-02
3.300085800238376083e-02
3.309740172978876266e-02
3.304271228010140227e-02
3.305883759283601009e-02
3.307095146852048057e-02
3.311015459032337627e-02
3.304224162643133039e-02
3.313873180758371284e-02
3.290122592334725898e-02
3.300280448588711890e-02
3.304179998987895328e-02
3.304936508989037708e-02
3.302878356026565931e-02
3.305478359048660830e-02
3.307281918809257260e-02
3.307051863008513004e-02
3.309186998767209981e-02
3.305795241013168018e-02
3.308037912535713443e-02
3.311832760443889773e-02
3.311272986052322259e-02
3.315467731164328108e-02
3.313917879848683745e-02
3.320077848464050158e-02
3.303918365561378523e-02
3.312064721116163984e-02
3.312541296350887676e-02
3.320652906119161973e-02
3.315398324859231138e-02
3.317782453587149460e-02
3.326438978760462573e-02
3.320540477732557977e-02
3.317578268513925177e-02
3.325016108791214314e-02
3.322911519572575856e-02
3.319694283802934742e-02
3.323683220233227681e-02
3.325877078431387773e-02
3.329276926145319226e-02
3.329679697572184016e-02
3.331234421616229707e-02
3.317420119923990968e-02
3.323635028679487735e-02
3.326945147021863336e-02
3.330092631936198977e-02
3.321809216125169717e-02
3.334966946127161658e-02
3.334795053076630711e-02
3.326561563369320046e-02
3.330405023207069770e-02
3.337735642825198634e-02
3.333192397122631406e-02
3.335469295254977345e-02
3.333338956754620941e-02
3.338502559429165628e-02
3.331038137403583704e-02
3.340563980307567626e-02
3.323869381454999661e-02
3.337525409253123271e-02
3.336183063220208439e-02
3.341540442577773523e-02
3.334946810998326572e-02
3.339071883066845048e-02
3.342633622416200240e-02
3.338162488408608075e-02
3.338424168017224691e-02
3.341707900831817485e-02
3.341810893749822681e-02
3.340937918931902867e-02
3.346332075707360298e-02
3.344966913554211357e-02
3.337856379156723535e-02
3.343414259663348570e-02
3.344281349291741007e-02
3.343698343698630476e-02
3.339839817514097392e-02
3.346357081512701948e-02
3.348975702240673813e-02
3.338866500099985091e-02
3.351262476576209043e-02
3.353868563633985445e-02
3.346428567584835978e-02
3.340269208418696067e-02
3.348004790482676102e-02
3.347948585183514736e-02
3.352721493761934984e-02
3.352708405903685740e-02
3.354330150532736088e-02
3.342933155527548494e-02
3.358177018367827088e-02
3.346350936631765915e-02
3.350240605543638311e-02
3.355516153871508644e-02
3.356348814050366669e-02
3.348849462899274043e-02
3.360090150199733505e-02
3.357795606035311048e-02
3.356626311027650217e-02
3.364764124037829957e-02
3.359871299812428741e-02
3.361881869264721212e-02
3.367586559482065728e-02
3.371745634209987602e-02
3.376128441279708375e-02
3.380255055446883955e-02
3.380041313769546751e-02
3.375963322899406399e-02
3.396477557282980703e-02
3.411919382305943216e-02
3.439098470290546244e-02
3.469758140431389304e-02
3.515802200165878827e-02
3.596468219929297577e-02
3.713842920293037447e-02
3.901244488082789008e-02
4.188809837524815755e-02
4.631793832624399310e-02
5.306211652361068898e-02
6.282385171669301049e-02
7.680895785025783351e-02
9.671057489505414939e-02
1.254924771635977376e-01
1.678830777674835684e-01
2.584652192113109925e-01
