7.667173595574215961e-01
8.547755727613433052e-01
8.949928066118949532e-01
9.225376951290185090e-01
9.421883678957024832e-01
9.564434293386450125e-01
9.671606858339104607e-01
9.751898805020308147e-01
9.812054285036166945e-01
9.857305340225589463e-01
9.891332573129762995e-01
9.915905621561840189e-01
9.934370030983212807e-01
9.948369743849514446e-01
9.958647348618437922e-01
9.965947900213402155e-01
9.971267433574313444e-01
9.977486151804086933e-01
9.979828983780504315e-01
9.981771145522618793e-01
9.982361313474021891e-01
9.985176090496559187e-01
9.986765081882632566e-01
9.988329975724618004e-01
9.988864981104003116e-01
9.988491647088114656e-01
9.989174597803174294e-01
9.989809696433245012e-01
9.989321555778345463e-01
9.988654496610720468e-01
9.987799220411642809e-01
9.990401251362921453e-01
9.987616887332131377e-01
9.989699454647951171e-01
9.988527181438323632e-01
9.988908127555401473e-01
9.988358966872010747e-01
9.989162963718003496e-01
9.988501779440345230e-01
9.989965319486087125e-01
9.989874303144743450e-01
9.989726079400946812e-01
9.990073135220610689e-01
9.991084838269834734e-01
9.990028403546856728e-01
9.989147526692194745e-01
9.989134754106400171e-01
9.990239156175030333e-01
9.988391712800827049e-01
9.989247195473427432e-01
9.989547814533211723e-01
9.990048420787943639e-01
9.989193495901615982e-01
9.989867069342215355e-01
9.986996766114496493e-01
9.990248728996163896e-01
9.990446137028188289e-01
9.991061664418859900e-01
9.990375920889096317e-01
9.990979933409235292e-01
9.990568905880106154e-01
9.990870654223926728e-01
9.990279035776575833e-01
9.990840259311283278e-01
9.987038454858997438e-01
9.989062479623019852e-01
9.990328996860778910e-01
9.990762145954863449e-01
9.989433166829106980e-01
9.989273791115514944e-01
9.987676516721719633e-01
9.990346490330048734e-01
9.990644219330011566e-01
9.990946548329204813e-01
9.990059020724388894e-01
9.991147174819715593e-01
9.991057063707549091e-01
9.991483850299398561e-01
9.990188960003745233e-01
9.989879822707377066e-01
9.988397592027373761e-01
9.989436027963308762e-01
9.988702553447390553e-01
9.990013403247609558e-01
9.988712383168647513e-01
9.990061871274158456e-01
9.990401968837795410e-01
9.988628506854477784e-01
9.990139280987616610e-01
9.990846186648288940e-01
9.990665444062680756e-01
9.991259456511376591e-01
9.991715073243127021e-01
9.990914590350306046e-01
9.989708493752563756e-01
9.990423917782811358e-01
9.990515147887780723e-01
9.989533560430688963e-01
9.988806378651574613e-01
9.990855525368235179e-01
9.990555162050381854e-01
9.990223365072575801e-01
9.988120706086345280e-01
9.990274044364785277e-01
9.991269990069980844e-01
9.991980772609594386e-01
9.991260837241745518e-01
9.991445767327670202e-01
9.992005209447563097e-01
9.991845602975697460e-01
9.991100942183794853e-01
9.990902501894134424e-01
9.989889763121480026e-01
9.989506562295683567e-01
9.989464290450295048e-01
9.991044892235195762e-01
9.990287349033176723e-01
9.989789577055280256e-01
9.987921268101949135e-01
9.991830989115437767e-01
9.991830395599828885e-01
9.992357231705251142e-01
9.991818435176028634e-01
9.991792878874977690e-01
9.991972031007481103e-01
9.992734464143222528e-01
9.991793955606083077e-01
9.991251237998471924e-01
9.990219931250701180e-01
9.990798815079049433e-01
9.991837523417499423e-01
9.990180492700637682e-01
9.990776010439011978e-01
9.991078642090861495e-01
9.991766791537340930e-01
9.989400889021557983e-01
9.989650081661152203e-01
9.991635532733310621e-01
9.991969288563321561e-01
9.991865215482135243e-01
9.991879845770249569e-01
9.992784933327030217e-01
9.991749206830863317e-01
9.991192339175228865e-01
9.991069008281534547e-01
9.990751146838239283e-01
9.990378674760892475e-01
9.992126947393598080e-01
9.991385349328462118e-01
9.991536258017698069e-01
9.990476510515222675e-01
9.989659120054039665e-01
9.990986909276968753e-01
9.991955569761339362e-01
9.992380214224333423e-01
9.992267349116406017e-01
9.992109523333778665e-01
9.992808420555711058e-01
9.992391102370694611e-01
9.992659051245216251e-01
9.991559346240829198e-01
9.991385649800933466e-01
9.991006228012687673e-01
9.991975288336216732e-01
9.990616607797350168e-01
9.991336945359167165e-01
9.990787190902373771e-01
9.990325980376441040e-01
9.991489284636151380e-01
9.991563836618370109e-01
9.992006860630825438e-01
9.992253273792625068e-01
9.992187150701945519e-01
9.993206122681519421e-01
9.993046348974941040e-01
9.992416601526252773e-01
9.991101818035156290e-01
9.992080521746260491e-01
9.991788104667929105e-01
9.992115223325976903e-01
9.990900343903788006e-01
9.992205334719229670e-01
9.992056984302711831e-01
9.991980861415467041e-01
9.991303967446519829e-01
9.990650815463066881e-01
9.991634132470486040e-01
9.992570296424325704e-01
9.992922287939837167e-01
9.992880372775760911e-01
9.993405473290769558e-01
9.992671676854895102e-01
9.992368914014376768e-01
9.992486823972767107e-01
9.992254899052087636e-01
9.992147319305936248e-01
9.990701718976862100e-01
9.991775257300361535e-01
9.992290005642286976e-01
9.991467509204331465e-01
9.990494012356380127e-01
9.992258816614724148e-01
9.992513753149239175e-01
9.993207292675255760e-01
9.993167557558424452e-01
9.992884492724231071e-01
9.993659834113133300e-01
9.993669210633703281e-01
9.993482595453282435e-01
9.992202531231659801e-01
9.991932942495397318e-01
9.991435487138382587e-01
9.991698211063726465e-01
9.992520349672006086e-01
9.992354012589654833e-01
9.992515581010041892e-01
9.993568585102633461e-01
9.991794500060522388e-01
9.991904782214859893e-01
9.992571650138172279e-01
9.993640541060123672e-01
9.993251854538067747e-01
9.993783468216336230e-01
9.993651741385340959e-01
9.993494487770229195e-01
9.992433357466540267e-01
9.992359069871197264e-01
9.991995589850809489e-01
9.991939710891293291e-01
9.991675825261973065e-01
9.993243160459110985e-01
9.993091875106417943e-01
9.992548843963302563e-01
9.993100210393996985e-01
9.992735550399299838e-01
9.992821443499616541e-01
9.993852606034937525e-01
9.993904329954090837e-01
9.993622563626670674e-01
9.994150970778991061e-01
9.994427374357327531e-01
9.993801778925388568e-01
9.993104968024986157e-01
9.992919139126918981e-01
9.991831219479520021e-01
9.992196512356874560e-01
9.993481175830506436e-01
9.993622935661252704e-01
9.992680799200437392e-01
9.992471319086239090e-01
9.993589695870230827e-01
9.992633731096089988e-01
9.993829223012236085e-01
9.993913268998170230e-01
9.994176106974457241e-01
9.994384322224441064e-01
9.994839835943956086e-01
9.994085085920790812e-01
9.992647417568842894e-01
9.992536174276683836e-01
9.993441844823492959e-01
9.993671217887515335e-01
9.993608786931083010e-01
9.993845881854772628e-01
9.993954204362699434e-01
9.993889076845315911e-01
9.993285939773968174e-01
9.991948252936900809e-01
9.993881460159212970e-01
9.994609641254249555e-01
9.994659210604893707e-01
9.994491416323990629e-01
9.994841675953479720e-01
9.994700136622691744e-01
9.994032495967040131e-01
9.994149622685376544e-01
9.993942361643071148e-01
9.992465649164185004e-01
9.993743771944973986e-01
9.994499546024897541e-01
9.994071182345287685e-01
9.993834076726306748e-01
9.991782060401714904e-01
9.992720856582111288e-01
9.994150028016006715e-01
9.994791048039728398e-01
9.994973790250268886e-01
9.994663105486316645e-01
9.994774342610728279e-01
9.995167738819576986e-01
9.994842753333831320e-01
9.994377301856702811e-01
9.993984664440175303e-01
9.993162779680074825e-01
9.993124576308685114e-01
9.993579709928998023e-01
9.994096876110238892e-01
9.993923921007902278e-01
9.992181618363354945e-01
9.993151643530679973e-01
9.992723579973967762e-01
9.994254864496309176e-01
9.994284675262932183e-01
9.994679130896935160e-01
9.994931605889334492e-01
9.995681688167781243e-01
9.994465456652146251e-01
9.993869818048872755e-01
9.993582311473316881e-01
9.995971791665634321e-01
9.992597671786377367e-01
9.992346869392104702e-01
9.994002812461294516e-01
9.994061350361514995e-01
9.993411307869684013e-01
9.990732794373651249e-01
9.993492176184283204e-01
9.995344328027232494e-01
9.995316240997673685e-01
9.995575668530465308e-01
9.994619353844229614e-01
9.995754548541359030e-01
9.995166366993565310e-01
9.995027448504486545e-01
9.994325868418957315e-01
9.994332529968767975e-01
9.992619510593967469e-01
9.993972834357177648e-01
9.993569984604399048e-01
9.994154079846565564e-01
9.993183311507403133e-01
9.992688233045992074e-01
9.993535126538624080e-01
9.994733034238499902e-01
9.994982990685343793e-01
9.995245660468602411e-01
9.994611746486034010e-01
9.995768074446282903e-01
9.995701230763377465e-01
9.995937711632399969e-01
9.994578379512150113e-01
9.994561611224638265e-01
9.994496823713890921e-01
9.994453201593245240e-01
9.992907457898837498e-01
9.994096501979761182e-01
9.993553392332827912e-01
9.993873054891538876e-01
9.992376490816374801e-01
9.994491131762677227e-01
9.994939233685489199e-01
9.995382639959035087e-01
9.995325074110579244e-01
9.995707723738640471e-01
9.995828157165767003e-01
9.995627131908515484e-01
9.994488152808352899e-01
9.995252756457986276e-01
9.994746027377457986e-01
9.994034079045905905e-01
9.994426623916594643e-01
9.995163640888274914e-01
9.994296168606674469e-01
9.994343075344185312e-01
9.992989003581365104e-01
9.993480049223942840e-01
9.995420007103220650e-01
9.995950769203169051e-01
9.995500992623522762e-01
9.995605854320140926e-01
9.995744479335316734e-01
9.996878658614242186e-01
9.995154065377443997e-01
9.995205920221593709e-01
9.993663508604854195e-01
9.994497090014565766e-01
9.993974513722791997e-01
9.995321135082516628e-01
9.994339350308024672e-01
9.994366314335140222e-01
9.993545801865310052e-01
9.995314185405687057e-01
9.994464799481480588e-01
9.995957497686136506e-01
9.995440010099368999e-01
9.996060396729300468e-01
9.995956128838922039e-01
9.996841938045777365e-01
9.995732070068485964e-01
9.995031434245671420e-01
9.994574531703881437e-01
9.995403077065881936e-01
9.993835337053372792e-01
9.994561124899553617e-01
9.994778227869293152e-01
9.995721812087419167e-01
9.995204806432119726e-01
9.994108637476875057e-01
9.994102248595040372e-01
9.995248552523773311e-01
9.995274699157956633e-01
9.996842685215940882e-01
9.995646292852656822e-01
9.996353254340616390e-01
9.995487046786801777e-01
9.995656029681680987e-01
9.994616043601224353e-01
9.994976990678654527e-01
9.993292457222032743e-01
9.995301913886831535e-01
9.995152781319652791e-01
9.995513347447637642e-01
9.994842670565537990e-01
9.994413289951163959e-01
9.994960003788507796e-01
9.995701556280457423e-01
9.996023816295026565e-01
9.996654254448456012e-01
9.995964583927744451e-01
9.997045095000941517e-01
9.996222515870308856e-01
9.996458692081939823e-01
9.994732338715145437e-01
9.994800124649390050e-01
9.994134672730309310e-01
9.996177688589023003e-01
9.995426325792127198e-01
9.995770223985681602e-01
9.994763314217169903e-01
9.995369400125863057e-01
9.995555366859159019e-01
9.995121651332499191e-01
9.996002667088029758e-01
9.995904466998341009e-01
9.996092281087088915e-01
9.996813146068938005e-01
9.996748971371948178e-01
9.995878200682865033e-01
9.994769763737524348e-01
9.995408157041678621e-01
9.994434758462991120e-01
9.996022720477198975e-01
9.994072873087589404e-01
9.996031222391280613e-01
9.995576223197562005e-01
9.994744354407192333e-01
9.995935916386905484e-01
9.995118232125629332e-01
9.995646167550379380e-01
9.996555834321413370e-01
9.996355816939650474e-01
9.996451120727539719e-01
9.996325337936347033e-01
9.996977784424949665e-01
9.995966789269725705e-01
9.995786884584044740e-01
9.995053977670560474e-01
9.995450805084020729e-01
9.994512539815108010e-01
9.995488373175074326e-01
9.995240274480892140e-01
9.994642552438790517e-01
9.994188287541978521e-01
9.995556291131603155e-01
9.995434234887511371e-01
9.996163214317094203e-01
9.996094835838907899e-01
9.996193647936868487e-01
9.996661609200434562e-01
9.997278646846722294e-01
9.996264620109567289e-01
9.995359058690013176e-01
9.994586652714599895e-01
9.995933323977945761e-01
9.996688493275811549e-01
9.994480286659767065e-01
9.995589758405726277e-01
9.995727674386353234e-01
9.995166246324235226e-01
9.995360095462866301e-01
9.994421913081638076e-01
9.996418441263499322e-01
9.996814673287905961e-01
9.997570791997231199e-01
9.996812012415341453e-01
9.997560601639687849e-01
9.996566861863481757e-01
9.996720413161065411e-01
9.996165900748367195e-01
9.996296932866958196e-01
9.994936123658680893e-01
9.995187636896907257e-01
9.995544373608672428e-01
9.996417708643867694e-01
9.995301446168949333e-01
9.994393635222541539e-01
9.995789103269309139e-01
9.996678128938789598e-01
9.996686246296605516e-01
9.997344986391224486e-01
9.996176710581342606e-01
9.997614778418728587e-01
9.997289599531753446e-01
9.997732500856879589e-01
9.996350889678741192e-01
9.996688468204690814e-01
9.996309999796804124e-01
9.996117595336615480e-01
9.995156864317307210e-01
9.996455703585513941e-01
9.995341491328285644e-01
9.995633469943272509e-01
9.994597165758113411e-01
9.995963295032368467e-01
9.996580350742471088e-01
9.997250169704841039e-01
9.996877354509430269e-01
9.997828944298859932e-01
9.996973517325229430e-01
9.997455752620046932e-01
9.995420723232825155e-01
9.995870957569591431e-01
9.996188437447228736e-01
9.996495619035637992e-01
9.995539808262564607e-01
9.996929400096922214e-01
9.996892987328009905e-01
9.996534749923704499e-01
9.993915652126023064e-01
9.995806083993938884e-01
9.996124447713005123e-01
9.997236880978621620e-01
9.996768390388238723e-01
9.997155618116354558e-01
9.997218120749362669e-01
9.997670768117704609e-01
9.997102263998690619e-01
9.996674168249861658e-01
9.996344713497200551e-01
9.994387659907694177e-01
9.995494497403613066e-01
9.997122494464808495e-01
9.996830599710025966e-01
9.996142744365911215e-01
9.995109577063715500e-01
9.997716159082065124e-01
9.995940107260812280e-01
9.997248874124028406e-01
9.997185325355987251e-01
9.997490959099728514e-01
9.997464293972205818e-01
9.998259496427491788e-01
9.997286806952762062e-01
9.996751644138934800e-01
9.996002785035655869e-01
9.996567420694371098e-01
9.996876520174590164e-01
9.996267551989218569e-01
9.996754578278257419e-01
9.996212822275276633e-01
9.997453874366815096e-01
9.996116839009430155e-01
9.996082738644177512e-01
9.997732758079417303e-01
9.997560382439790727e-01
9.997739110406331786e-01
9.998034794537662417e-01
9.998280205610420301e-01
9.997589055826298088e-01
9.997073122305500936e-01
9.997047916882652041e-01
9.997323645221808386e-01
9.995254571218461503e-01
9.995773404060273037e-01
9.997372635470530566e-01
9.996990015188919054e-01
9.996911469649435444e-01
9.995761797908923052e-01
9.996356335876236399e-01
9.997401048053042860e-01
9.997746574411693343e-01
9.998123642482128481e-01
9.997590403843397144e-01
9.998212265378719765e-01
9.998092357844871048e-01
9.997953667716333870e-01
9.997069681271317787e-01
9.997090826950169040e-01
9.996113082725073262e-01
9.994982600222497293e-01
9.996611083027315825e-01
9.996631429312488049e-01
9.996000412708064831e-01
9.994268156382013490e-01
9.995849788601205432e-01
9.996673730077376696e-01
9.997041662272468932e-01
9.997482156796193564e-01
9.996979616588068662e-01
9.997957598174673777e-01
9.997910314407579824e-01
9.997813226229484984e-01
9.995857366938539768e-01
9.995673904203254967e-01
9.998047911609806437e-01
9.996586420635317216e-01
9.995835977532793182e-01
9.996435379497992102e-01
9.996650909766447990e-01
9.995953212069914606e-01
9.995012756674533927e-01
9.996578199436433332e-01
9.996671167377341183e-01
9.997273677667014580e-01
9.997823243181800379e-01
9.997494648533639117e-01
9.997554098503084186e-01
9.997391591705028224e-01
9.996779440583315468e-01
9.996672373586915628e-01
9.996384942390382777e-01
9.995431441660214134e-01
9.996401627666045009e-01
9.996750876149405052e-01
9.996852164517475714e-01
9.996969707352446610e-01
9.994531353382225536e-01
9.995593986566786437e-01
9.996999599931751801e-01
9.997928964608769897e-01
9.997740533784239547e-01
9.997535463726658911e-01
9.998633510126165858e-01
9.998517539745119809e-01
9.998139766393226990e-01
9.996869685996512267e-01
9.996699363090360002e-01
9.996628262993161318e-01
9.997587031855341699e-01
9.996741495075122108e-01
9.996991001553838796e-01
9.996517374103003339e-01
9.996924929521922021e-01
9.997334071159087454e-01
9.996439350850878647e-01
9.998690559095274599e-01
9.997911041693855472e-01
9.998546079961382338e-01
9.998334235008231596e-01
9.999381140842116267e-01
9.998287492015964784e-01
9.997704174501637064e-01
9.997768966442706073e-01
9.997998734460801229e-01
9.998561068716348421e-01
9.995091306075506443e-01
9.997711107791699137e-01
9.997677853934265890e-01
9.997184218127113109e-01
9.998365218570922641e-01
9.996660682166464973e-01
9.998249925481017542e-01
9.998285195118857827e-01
9.998887369280944348e-01
9.998496099288506356e-01
9.998997742580263415e-01
9.998952664359614939e-01
9.998430853975888155e-01
9.998332550640464111e-01
9.997902895435673010e-01
9.996817933942514500e-01
9.996928120783358240e-01
9.998095272466629435e-01
9.998358352820945205e-01
9.997068056063038721e-01
9.997041270511922706e-01
9.997126822753050757e-01
9.997952217420781329e-01
9.998163517570615166e-01
9.998763716931468037e-01
9.998469786048396202e-01
9.999101560146838041e-01
9.999349329322688718e-01
9.998567993913477503e-01
9.997805583814890484e-01
9.997555894687438771e-01
9.998628362745359821e-01
9.998389302223825714e-01
9.996125672084857916e-01
9.998028999795635086e-01
9.998020589140461656e-01
9.998458532101504037e-01
9.996873276464555147e-01
9.996877653062848923e-01
9.998202938043588839e-01
9.998928080868637602e-01
9.998890769640939036e-01
9.999446283335478025e-01
9.999644906741385064e-01
9.998876353717003340e-01
9.997968218380454131e-01
9.998380161626569951e-01
9.997968174157509935e-01
9.996416002816059798e-01
9.998896358791298233e-01
9.999217385185656948e-01
9.998594106363690726e-01
9.998351416776755096e-01
9.996869120576828971e-01
9.998942955197888116e-01
9.998621283026142281e-01
9.999454623057749680e-01
9.999441838166146512e-01
9.999127141213987047e-01
9.999747365940014898e-01
9.999766045910094547e-01
9.999347939437899235e-01
9.998366439375809822e-01
9.998094779750225092e-01
9.997032698068986090e-01
9.997973822746317740e-01
9.998979747843378396e-01
9.998736453019475556e-01
9.998461222118233405e-01
9.997775754535156434e-01
9.999017510035177470e-01
9.998596151393775999e-01
9.999626355811898071e-01
9.999294446535901271e-01
9.999347085460369433e-01
9.999871568056323268e-01
9.999713446803815131e-01
9.999804162521083173e-01
9.998336960740227264e-01
9.998397164730865594e-01
1.000002848808226874e+00
9.997664516339307417e-01
9.997157085931477338e-01
9.998280064628117803e-01
9.998633206243814353e-01
9.997700322696075892e-01
9.996288514580954354e-01
9.998901569783603671e-01
9.999585242804096552e-01
9.999739223817433187e-01
1.000007779637945182e+00
9.999678160640129709e-01
9.999808935616218974e-01
9.999909282688335121e-01
9.999177394970805155e-01
9.998977457610772612e-01
9.998359120091920849e-01
9.997386669325540876e-01
9.997872000043227514e-01
9.998654536275894955e-01
9.998612556879407087e-01
9.997892647856245762e-01
9.996470557277342683e-01
9.999146872442015166e-01
9.998682089509715043e-01
9.999799934660835721e-01
9.999378469987505458e-01
9.999159876992061990e-01
9.999888692196137185e-01
1.000007218853024016e+00
9.999686757272272519e-01
9.998856799458266664e-01
9.998643544743499589e-01
9.998337887174555405e-01
9.997718710670314701e-01
9.998289015698861304e-01
9.998633895044667375e-01
9.998808163975793084e-01
9.998240777907084764e-01
9.997730603978375319e-01
9.997911650300878028e-01
9.999619260933170217e-01
9.999508065327472606e-01
1.000000586450414009e+00
1.000025892421081419e+00
1.000043459346715569e+00
9.999617442234128850e-01
9.999517785778454515e-01
9.999284479940904191e-01
9.999613347051262702e-01
9.997220636265901073e-01
9.997937316526274154e-01
9.998760164684822316e-01
9.998939993483368927e-01
9.998557843643298693e-01
9.996999152524451704e-01
9.999100765613844199e-01
9.999109365387314208e-01
9.999713717363369891e-01
9.999885278191313898e-01
9.999484925532906576e-01
1.000036186301043406e+00
1.000023911773200380e+00
9.999632670173426163e-01
9.998896516914096422e-01
9.998465557537689063e-01
9.997518958630324803e-01
9.999027080804326895e-01
9.999877276952759964e-01
9.999251524722171380e-01
9.998657842020800546e-01
9.999021132112517751e-01
9.998927292693272628e-01
9.998528468640250910e-01
9.999498065177150341e-01
9.999960767277737972e-01
9.999847713595285681e-01
1.000064080437438108e+00
1.000072410374894138e+00
1.000036639836278773e+00
9.998698888006443131e-01
9.998977524127311556e-01
9.998904548840552575e-01
9.999064340395007466e-01
9.998425351291625462e-01
9.999343441788172138e-01
9.999803560130453572e-01
9.999807718655584488e-01
9.997317633562508021e-01
1.000014628052871002e+00
9.998998731105539495e-01
9.999851202331734301e-01
1.000012720886263695e+00
1.000003875899470929e+00
1.000034604056626364e+00
1.000059136379742641e+00
9.999695374429820038e-01
9.999319899761012209e-01
9.999109648716800747e-01
9.998098940516360056e-01
9.998908331537283978e-01
1.000007310324390053e+00
1.000005653559852048e+00
9.999259561024156362e-01
9.998660949954513155e-01
9.999355737706360214e-01
9.998957751409470740e-01
1.000049065916694291e+00
1.000015782777490259e+00
1.000032821613683787e+00
1.000078967934408647e+00
1.000082546443852971e+00
1.000023488921735426e+00
9.999564576401029914e-01
9.999473807810874693e-01
9.999034230224772557e-01
9.999800340429845225e-01
9.999286875908810490e-01
9.999732034771628975e-01
9.999392493494713152e-01
1.000033789190575506e+00
9.998880048000811094e-01
9.999408433903851368e-01
1.000047422049427981e+00
1.000017547378975413e+00
1.000088094910004832e+00
1.000077345776065441e+00
1.000135323735230619e+00
1.000031595064212908e+00
9.999625575495911800e-01
9.999798617846268334e-01
1.000009491075349644e+00
9.998718097851935216e-01
9.998462214603625053e-01
1.000077459066200047e+00
1.000004702786679855e+00
9.999437157788625408e-01
9.999857233555534686e-01
9.999760150723095986e-01
1.000005886249200948e+00
1.000031312687930551e+00
1.000093961203769366e+00
1.000058964792664762e+00
1.000134063054658684e+00
1.000084903390184854e+00
1.000034718371415998e+00
9.999801193629302976e-01
9.999127154521691985e-01
1.000000079314350199e+00
9.999109582253725703e-01
1.000019797131241894e+00
1.000008753279449936e+00
9.999392336164432127e-01
9.998473723491413390e-01
9.999455547756568308e-01
1.000042012241036282e+00
1.000120351362805415e+00
1.000111832238758991e+00
1.000091907727185481e+00
1.000179963189871790e+00
1.000174105375774669e+00
1.000104266093100103e+00
1.000057666690920888e+00
9.999857183925043858e-01
1.000074204337056960e+00
1.000081000238905560e+00
9.998916640878884321e-01
9.999644037531053575e-01
9.999725489384231336e-01
9.999605903920144589e-01
9.999045537656835458e-01
1.000039469928696301e+00
1.000171452481286805e+00
1.000114283356512868e+00
1.000147643934478081e+00
1.000192901025714676e+00
1.000197932551515123e+00
1.000081057314615940e+00
1.000076358367552709e+00
1.000079570365145720e+00
1.000102966789384151e+00
9.997950983792536217e-01
9.999715153362266351e-01
1.000093254133648246e+00
1.000071861793471406e+00
9.999816270510716310e-01
1.000002575870077681e+00
9.999748215507036075e-01
1.000105569438151987e+00
1.000092992109497869e+00
1.000173012085751489e+00
1.000089537221688918e+00
1.000215859730753332e+00
1.000177065726696402e+00
1.000171306639627611e+00
1.000073244084329849e+00
1.000093941445751700e+00
9.998784822025430508e-01
1.000153736383264880e+00
9.999744828550019005e-01
1.000077541535295600e+00
9.999624409661945768e-01
9.999196969766175336e-01
9.999763925145249699e-01
1.000111569630167452e+00
1.000116097229172940e+00
1.000182727334432586e+00
1.000114196012106937e+00
1.000223934463296382e+00
1.000168096502310755e+00
1.000209473328180998e+00
1.000017692270177783e+00
1.000061493077550212e+00
9.999860918020199163e-01
1.000029596243279251e+00
9.998913121715172769e-01
1.000115579794937704e+00
1.000071779809156070e+00
1.000088580431503615e+00
9.998695668430847006e-01
1.000074610549226861e+00
1.000064511786247223e+00
1.000177981371263014e+00
1.000133272539460050e+00
1.000176965411532448e+00
1.000140855888846936e+00
1.000200626070610443e+00
1.000086872735353571e+00
1.000163022505860644e+00
1.000056145060310930e+00
9.999945439205536468e-01
9.998942574353993917e-01
1.000038418706168830e+00
1.000019065113189720e+00
1.000032118534049941e+00
9.998601237889053195e-01
1.000056672472389829e+00
1.000042010677426818e+00
1.000213938707047889e+00
1.000113009524942864e+00
1.000189929160184787e+00
1.000142974688095432e+00
1.000209533180905552e+00
1.000094191174000890e+00
1.000091007590495851e+00
9.999135197399341424e-01
1.000097881263117383e+00
9.999429292491371912e-01
1.000097590885011822e+00
1.000058613751341197e+00
1.000082680033105742e+00
1.000040277515072962e+00
9.999032909551552883e-01
1.000011349252754700e+00
1.000185200603773472e+00
1.000093153461034889e+00
1.000147830362731138e+00
1.000117560142062878e+00
1.000203410270312565e+00
1.000075064424721161e+00
1.000072647739052245e+00
1.000009600481923222e+00
1.000039365413317061e+00
1.000021193931334373e+00
1.000136960549129705e+00
1.000029084519756362e+00
1.000039330398891479e+00
9.999701264377667265e-01
9.999286642116341772e-01
9.998811566067016265e-01
1.000100273463466305e+00
1.000152352913728393e+00
1.000179186454893676e+00
1.000147247437594533e+00
1.000183332689271509e+00
1.000187403938499919e+00
1.000158420944920579e+00
1.000079156762154975e+00
1.000073770719984267e+00
9.999486654584484047e-01
1.000095222967354980e+00
1.000055089325469826e+00
1.000067950735814781e+00
9.999950848281803362e-01
9.999213535818125553e-01
1.000137929990060792e+00
1.000019826767258202e+00
1.000155528182591791e+00
1.000123110691927053e+00
1.000132237161464044e+00
1.000220333434474140e+00
1.000264411797515685e+00
1.000174496324507167e+00
1.000064484039000723e+00
1.000032779610912970e+00
1.000066847279436510e+00
9.999000964894741994e-01
1.000136282730766490e+00
1.000068852525189289e+00
1.000144241035053394e+00
9.999480680592979231e-01
1.000082900501544358e+00
1.000017551143345118e+00
1.000112315566127785e+00
1.000117570956384316e+00
1.000223278907830249e+00
1.000103113493574725e+00
1.000230560543109215e+00
1.000138565137472124e+00
1.000185585302481694e+00
1.000089066026830897e+00
1.000185489292368501e+00
9.999372833067295963e-01
1.000132791305919699e+00
1.000049605709268707e+00
1.000097892646263587e+00
1.000080384761834473e+00
9.999439484792509436e-01
9.999343733722367844e-01
1.000085347183325313e+00
1.000077261670460960e+00
1.000215097997272373e+00
1.000091882844296398e+00
1.000260683023705965e+00
1.000160136842641379e+00
1.000200829338480313e+00
1.000051879430339241e+00
1.000127608358632125e+00
9.999143327327535413e-01
9.999902321881893874e-01
1.000013534497299350e+00
1.000112899908827790e+00
1.000052995204511186e+00
1.000047127887867093e+00
1.000005555811104507e+00
1.000088579383332066e+00
1.000098002552495480e+00
1.000178576402513730e+00
1.000143060474697476e+00
1.000246263708926886e+00
1.000210439674000140e+00
1.000204493342538470e+00
1.000064790704261242e+00
1.000108239798275456e+00
1.000090037363332796e+00
1.000138851090384584e+00
9.998574073418892150e-01
1.000085025578665965e+00
1.000096500750885520e+00
1.000088564388697643e+00
1.000024293432911104e+00
1.000011589088030117e+00
1.000072662435342208e+00
1.000147965274072792e+00
1.000200739833804864e+00
1.000139384264707498e+00
1.000223946641973782e+00
1.000232708823029393e+00
1.000148375310409454e+00
1.000113606546145117e+00
1.000025413170020583e+00
1.000133691728127605e+00
1.000116602963813106e+00
1.000074942828135027e+00
1.000098099966538312e+00
1.000068738427821291e+00
1.000063334980187069e+00
1.000112659280883110e+00
1.000125889818093139e+00
1.000211364884961540e+00
1.000244512766953475e+00
1.000189243288813756e+00
1.000276838667977897e+00
1.000239335588010592e+00
1.000233791618090340e+00
1.000067677398562171e+00
1.000112449999188469e+00
1.000195563886648431e+00
1.000016471954157771e+00
1.000042872824889351e+00
1.000129808274096144e+00
1.000088142831718985e+00
1.000063228635871715e+00
1.000051832351424475e+00
1.000162523595795383e+00
1.000237255751051713e+00
1.000243545695344460e+00
1.000246183221320750e+00
1.000284605616178046e+00
1.000280852773321794e+00
1.000265593009443510e+00
1.000216454697717694e+00
1.000198524251300514e+00
1.000273986702281404e+00
9.999448674504765044e-01
9.999786574074388534e-01
1.000236054817311482e+00
1.000118186784458629e+00
1.000135213352558505e+00
1.000088561989380009e+00
1.000062025240441521e+00
1.000204025157879872e+00
1.000258322767453523e+00
1.000249574220085425e+00
1.000298347203063321e+00
1.000266127635989211e+00
1.000341000087515031e+00
1.000221842271044492e+00
1.000228253271235435e+00
1.000179676516915528e+00
1.000180927099741934e+00
1.000136501302372860e+00
1.000093928181254865e+00
1.000134110149740518e+00
1.000088186398038648e+00
1.000134557016927994e+00
1.000152303293728950e+00
1.000082725951323637e+00
1.000221908411374150e+00
1.000222980596296329e+00
1.000215266469891340e+00
1.000257849606764449e+00
1.000285713999566450e+00
1.000226217782866689e+00
1.000172422989177967e+00
1.000167631966015325e+00
1.000140645256637706e+00
9.999357914398901981e-01
1.000036256319424277e+00
1.000163452614639903e+00
1.000140338294988274e+00
1.000170063524792985e+00
9.999692283396227621e-01
1.000032938030590790e+00
1.000135902953624534e+00
1.000214730865121471e+00
1.000232429105424981e+00
1.000194838864802538e+00
1.000225862764020590e+00
1.000216207659856416e+00
1.000184106953197372e+00
1.000124257199642486e+00
1.000035720450959342e+00
1.000053362075459473e+00
1.000068613326941636e+00
1.000212072338819702e+00
1.000148255750658466e+00
1.000107385886964018e+00
9.999704915149987272e-01
1.000101521595381904e+00
1.000140671820363147e+00
1.000208955207233075e+00
1.000207554920218955e+00
1.000143090408786017e+00
1.000247000667572772e+00
1.000239997527808233e+00
1.000209922549171848e+00
1.000095736128758350e+00
1.000008040750228089e+00
1.000056998761502003e+00
1.000216050486833597e+00
1.000089632773345727e+00
1.000126931295598931e+00
1.000106133836329292e+00
9.999822340353798911e-01
1.000003627975990073e+00
1.000050499705829266e+00
1.000198627681968544e+00
1.000129503248087026e+00
1.000177221759141588e+00
1.000193810507360448e+00
1.000264877598543878e+00
1.000163778761714584e+00
1.000128871591677182e+00
1.000115403986979290e+00
1.000062956969871797e+00
1.000013398159115718e+00
1.000099897748007560e+00
1.000152491260708265e+00
1.000158984073526991e+00
1.000071390956020601e+00
1.000020152696529552e+00
1.000091322521537318e+00
1.000217186708936223e+00
1.000219437749964690e+00
1.000227450578205834e+00
1.000178054405027162e+00
1.000246410557451116e+00
1.000263975069619393e+00
1.000202925054074266e+00
1.000134076546474127e+00
1.000087003832198507e+00
1.000133081139418900e+00
1.000192211034271583e+00
1.000066681813095437e+00
1.000121430954499457e+00
1.000047245403203888e+00
9.999352514680563964e-01
1.000117806545611110e+00
1.000106783960976964e+00
1.000229729791010547e+00
1.000193091512051824e+00
1.000218479588632192e+00
1.000222842142379998e+00
1.000263463786489559e+00
1.000245793772975178e+00
1.000108917551763676e+00
1.000112185571544465e+00
1.000184575993070091e+00
1.000087140123992357e+00
1.000014657379139305e+00
1.000183265292960089e+00
1.000115809406735723e+00
1.000104652273355876e+00
1.000091928633902283e+00
1.000049661256497746e+00
1.000152414992332872e+00
1.000192908583080298e+00
1.000219719186740575e+00
1.000240207261599013e+00
1.000269818967128188e+00
1.000246754050464482e+00
1.000203915460394555e+00
1.000213479927819060e+00
1.000132962459025610e+00
1.000176061652720660e+00
1.000028802327386224e+00
1.000168433359763354e+00
1.000139143171602463e+00
1.000090338513308863e+00
1.000108511844870707e+00
1.000131870330135175e+00
1.000252753653778193e+00
1.000245521205808341e+00
1.000296655408858371e+00
1.000246592262946210e+00
1.000318455483990565e+00
1.000329584751198375e+00
1.000271693297535069e+00
1.000195152159488066e+00
1.000134538648535854e+00
1.000093062806596711e+00
1.000277724200915985e+00
1.000154972786391427e+00
1.000185280594045656e+00
1.000178226813373428e+00
1.000102486839477667e+00
1.000132668393526325e+00
1.000218984339906303e+00
1.000273990054558970e+00
1.000283529079304845e+00
1.000240926462503621e+00
1.000347259395600652e+00
1.000338387082474467e+00
1.000295682660943708e+00
1.000192463358476447e+00
1.000206783406968558e+00
1.000172630082141634e+00
1.000069921431690378e+00
1.000135839813534266e+00
1.000218372684916535e+00
1.000225172589947142e+00
1.000128328962718305e+00
1.000210062353248164e+00
1.000239623443508918e+00
1.000244991677272433e+00
1.000301016334864457e+00
1.000336044159013449e+00
1.000333959603521894e+00
1.000340866193456524e+00
1.000323929068873907e+00
1.000313546777698681e+00
1.000212447250869774e+00
1.000215526058994442e+00
1.000169474658388458e+00
1.000215141175247346e+00
1.000172339611480998e+00
1.000204755249099797e+00
1.000145012617003504e+00
1.000171201318391434e+00
1.000249618274601460e+00
1.000156140081948974e+00
1.000273157374987898e+00
1.000249450267842732e+00
1.000224730505471671e+00
1.000280804361532994e+00
1.000324993567297982e+00
1.000237662017313678e+00
1.000125260276359285e+00
1.000115157549058997e+00
1.000101796839579338e+00
1.000189911236315288e+00
1.000182555093691361e+00
1.000196322469284471e+00
1.000219759653093510e+00
1.000200090281559984e+00
1.000092531563151033e+00
1.000019737384191254e+00
1.000242962772985189e+00
1.000228091120917595e+00
1.000279231094411525e+00
1.000258916435229128e+00
1.000330575529861044e+00
1.000251053731288309e+00
1.000216291005446845e+00
1.000185557058301811e+00
1.000180349548958736e+00
9.999836542488425017e-01
1.000096121175357178e+00
1.000182796450908462e+00
1.000179873670670849e+00
1.000131723526020089e+00
1.000060371192606379e+00
9.999503637487768826e-01
1.000205294383713195e+00
1.000228414634433349e+00
1.000282963101976730e+00
1.000210432566838392e+00
1.000310586229525622e+00
1.000284124297449839e+00
1.000240803043379811e+00
1.000199512726048789e+00
1.000178923253625562e+00
1.000094340295188955e+00
1.000120053729127045e+00
1.000084106451944788e+00
1.000194734011764064e+00
1.000096282340777964e+00
1.000107294812806691e+00
1.000064872962586726e+00
1.000188035055624924e+00
1.000153323205978495e+00
1.000335515728283164e+00
1.000204220891255602e+00
1.000340110229506196e+00
1.000256477948917810e+00
1.000274962918277444e+00
1.000102993804512508e+00
1.000205994781497409e+00
1.000045720613933264e+00
1.000021897341553556e+00
9.999899783234713624e-01
1.000213773407127915e+00
1.000115068075307034e+00
1.000151914936271869e+00
9.999092953546838691e-01
1.000212839323278979e+00
1.000189681923601581e+00
1.000315314865584559e+00
1.000231403829869636e+00
1.000243080757885927e+00
1.000220655029815831e+00
1.000313440817682142e+00
1.000181079064036860e+00
1.000205367126823619e+00
1.000110777713145493e+00
1.000138149449158353e+00
1.000092090282410195e+00
1.000188716539110345e+00
1.000042359685287208e+00
1.000120289633335657e+00
9.999034596311945355e-01
1.000219360142581282e+00
1.000153237003383655e+00
1.000333530410222105e+00
1.000265106113948921e+00
1.000286041146648763e+00
1.000261849366068878e+00
1.000356826001107979e+00
1.000235163093094792e+00
1.000242012590461194e+00
1.000100360874867977e+00
1.000170677184242907e+00
1.000266900398095515e+00
1.000091107540824753e+00
1.000068231652478712e+00
1.000161699001566262e+00
1.000175667450021066e+00
1.000141389916004542e+00
1.000131625333194663e+00
1.000260908691312345e+00
1.000225721919527855e+00
1.000252844195133495e+00
1.000272856044506220e+00
1.000347997946268164e+00
1.000240973864217509e+00
1.000220804359759352e+00
1.000192362930278911e+00
1.000224832388048934e+00
9.999397273612149473e-01
1.000256235681410644e+00
1.000205103045592958e+00
1.000240870477251631e+00
1.000137069884609042e+00
1.000068147373448513e+00
1.000017751271673916e+00
1.000326892694850089e+00
1.000257413664274564e+00
1.000301987110053137e+00
1.000251330210942813e+00
1.000347658344139745e+00
1.000279183724005261e+00
1.000297939617486032e+00
1.000194816579373702e+00
1.000154549642312984e+00
1.000234022006874168e+00
1.000193494592737320e+00
1.000195232425517000e+00
1.000239306689784780e+00
1.000133963231625511e+00
1.000082790031229907e+00
1.000217792134068251e+00
1.000228333065299902e+00
1.000364817999130018e+00
1.000306905196795659e+00
1.000309832507795482e+00
1.000350843470523499e+00
1.000445067006173083e+00
1.000332276099104023e+00
1.000240461302550399e+00
1.000181298094563687e+00
1.000300231931944506e+00
1.000199168528195681e+00
1.000216214633351308e+00
1.000273813070945872e+00
1.000280556786762531e+00
1.000247597097112084e+00
1.000179003474884976e+00
1.000108295218993693e+00
1.000291500290856117e+00
1.000308491299190861e+00
1.000348989160586344e+00
1.000289437257422476e+00
1.000349858132882463e+00
1.000311133785098505e+00
1.000272685038394282e+00
1.000207271084496252e+00
1.000133068169965833e+00
1.000194757623709796e+00
1.000207844599648954e+00
1.000299255222420580e+00
1.000241416829188212e+00
1.000206190004639506e+00
1.000056579489639219e+00
1.000258968101309431e+00
1.000282887852762315e+00
1.000314542771935544e+00
1.000275239432214969e+00
1.000290346610505754e+00
1.000325101169500464e+00
1.000363683416738425e+00
1.000240989195415153e+00
1.000212829654165025e+00
1.000090098790133997e+00
1.000286508824749010e+00
1.000223189425546222e+00
1.000280892162076052e+00
1.000193118219679267e+00
1.000202247264404765e+00
1.000146587818982802e+00
1.000321860372520577e+00
1.000172429402673924e+00
1.000286083803346049e+00
1.000302048112968301e+00
1.000316659644613804e+00
1.000333869426301536e+00
1.000361092605406510e+00
1.000289799793906198e+00
1.000222953440649487e+00
1.000207378739369712e+00
1.000188541719585711e+00
1.000112216880770788e+00
1.000210814723042851e+00
1.000292663436491702e+00
1.000338446652624391e+00
1.000323167479173492e+00
1.000055198015904478e+00
1.000119326466619496e+00
1.000269473319643776e+00
1.000271604608442333e+00
1.000321424451228847e+00
1.000297638496288721e+00
1.000363177685977822e+00
1.000359077286105958e+00
1.000290211829570897e+00
1.000231966627243008e+00
1.000237812153096595e+00
1.000091407229783069e+00
1.000204430009634660e+00
1.000212541359963625e+00
1.000202262684596111e+00
1.000121549715165425e+00
1.000103255070303732e+00
1.000126162285461140e+00
1.000238920938920861e+00
1.000332219464235228e+00
1.000307425004692830e+00
1.000347528283283438e+00
1.000402515415905302e+00
1.000403259299305070e+00
1.000360778344132173e+00
1.000267060692262344e+00
1.000335739987177952e+00
1.000363933914803827e+00
9.999958063091628491e-01
1.000062144738506076e+00
1.000158491084377044e+00
1.000157470902414136e+00
1.000177572574358020e+00
1.000138403547101928e+00
1.000114643346134535e+00
1.000279702656610592e+00
1.000285616495559360e+00
1.000316248722674217e+00
1.000334383781695591e+00
1.000363641712922247e+00
1.000344514881869262e+00
1.000293943639708694e+00
1.000336110314126170e+00
1.000352270722938419e+00
9.999535895567711608e-01
1.000121123225263808e+00
1.000184223064626288e+00
1.000191999183341007e+00
1.000154396272388002e+00
1.000131783340513225e+00
1.000047306628884858e+00
1.000290561230438469e+00
1.000345826115316639e+00
1.000340539208918633e+00
1.000313248201792682e+00
1.000329712358078993e+00
1.000382535519321436e+00
1.000301984445439052e+00
1.000248049736121025e+00
1.000199422209803624e+00
1.000241514733666293e+00
1.000130533489876905e+00
1.000200087509123481e+00
1.000237735465700606e+00
1.000212452821312770e+00
1.000147094913647283e+00
1.000212134829703281e+00
1.000136524815556260e+00
1.000272884877097868e+00
1.000269004085005520e+00
1.000292483515023090e+00
1.000344303678000424e+00
1.000354353098259264e+00
1.000262105594349027e+00
1.000178268212656096e+00
1.000152338106099048e+00
1.000312247442424640e+00
1.000089330779174057e+00
1.000212995285690409e+00
1.000262340322883636e+00
1.000273986359275114e+00
1.000147902488287999e+00
1.000172359992583360e+00
1.000139588282184411e+00
1.000292843894491135e+00
1.000347562457640560e+00
1.000349385835418436e+00
1.000310029680408386e+00
1.000372089847756163e+00
1.000335851303113310e+00
1.000329883317343960e+00
1.000258856321098788e+00
1.000281887879527210e+00
1.000127969022606589e+00
1.000275568927382341e+00
1.000273014390589355e+00
1.000258388433773460e+00
1.000214114899779849e+00
1.000129702006132604e+00
1.000223081468692321e+00
1.000298780223980666e+00
1.000330843211442611e+00
1.000354532692403486e+00
1.000321158137895905e+00
1.000358861616449380e+00
1.000380830855420289e+00
1.000320148321962588e+00
1.000174276449897315e+00
1.000142635263473245e+00
1.000110470869939538e+00
1.000209559316334929e+00
1.000213837233169922e+00
1.000305282742658175e+00
1.000226226800797091e+00
1.000173773694518431e+00
1.000156513077882892e+00
1.000188357997169097e+00
1.000237834789176938e+00
1.000311766794803381e+00
1.000304924795426542e+00
1.000327158833620667e+00
1.000298215456170814e+00
1.000271210491294527e+00
1.000155126071244016e+00
1.000212691435537149e+00
1.000137993065402631e+00
1.000229261513884360e+00
1.000157375373976310e+00
1.000218732839794455e+00
1.000200180406745742e+00
1.000180891426887264e+00
1.000067471610734726e+00
1.000176358283034306e+00
1.000229348475247582e+00
1.000283930803365751e+00
1.000257557390792362e+00
1.000227326403120953e+00
1.000296025155894331e+00
1.000301918640244425e+00
1.000283538739712874e+00
1.000201817322090792e+00
1.000183205864529246e+00
1.000113337207601427e+00
1.000096098917893084e+00
1.000152843816319637e+00
1.000158681476318145e+00
1.000117935372148992e+00
1.000092376145732098e+00
1.000063086244104005e+00
1.000120135784779540e+00
1.000237305905477214e+00
1.000260271082651142e+00
1.000235892037165009e+00
1.000262817222492107e+00
1.000310981499693330e+00
1.000238162663676933e+00
1.000162143362296030e+00
1.000107864108435329e+00
1.000197240094841566e+00
1.000088319270283410e+00
1.000174143531838311e+00
1.000201024845779330e+00
1.000215407442877069e+00
1.000165507712434065e+00
1.000181708569188643e+00
9.999967493245157657e-01
1.000199652653154470e+00
1.000233460009850139e+00
1.000240809499417738e+00
1.000263440268506221e+00
1.000266881303808253e+00
1.000215728265547721e+00
1.000238795098476130e+00
1.000171677506948686e+00
1.000170072028333745e+00
9.999512611243397409e-01
1.000210567537676676e+00
1.000199428857788231e+00
1.000154485307106711e+00
1.000102568218860899e+00
1.000120128587780544e+00
1.000097198223296457e+00
1.000186591399923497e+00
1.000251170509176779e+00
1.000243320211120945e+00
1.000219913798268800e+00
1.000285875706777183e+00
1.000293075357010508e+00
1.000238606347941595e+00
1.000170768829104162e+00
1.000146291644408159e+00
1.000056109428856255e+00
1.000158067632107350e+00
1.000118187173174134e+00
1.000170884811638405e+00
1.000092739748067228e+00
1.000132732958185278e+00
1.000135669235816316e+00
1.000132997685958092e+00
1.000212123958246879e+00
1.000234799306959133e+00
1.000222134722777101e+00
1.000305991156396956e+00
1.000314586758312307e+00
1.000224897241399402e+00
1.000148792075485016e+00
1.000163792055524414e+00
1.000145204220407535e+00
1.000039588017291203e+00
1.000052596454380494e+00
1.000168684051115697e+00
1.000144417048848711e+00
1.000055505205271533e+00
1.000040321590287995e+00
1.000207028584594537e+00
1.000258322242346898e+00
1.000298344813245865e+00
1.000278297109619796e+00
1.000261567475402291e+00
1.000255918999379379e+00
1.000310146321700344e+00
1.000210657611714238e+00
1.000199728106183628e+00
1.000119621113946033e+00
1.000237311639361248e+00
1.000093260584361987e+00
1.000183884438491599e+00
1.000126675088568229e+00
1.000142845225241439e+00
9.999485653814396136e-01
1.000061878008213556e+00
1.000147255810571734e+00
1.000226944983884536e+00
1.000226072249175813e+00
1.000210733633934979e+00
1.000249870106325822e+00
1.000364227711189047e+00
1.000173842332847451e+00
1.000182647200334785e+00
1.000105802233309360e+00
1.000274942425741775e+00
9.999577184691111897e-01
1.000053391251553458e+00
1.000101014787214915e+00
1.000108170176230438e+00
1.000056744975243106e+00
9.999999206856498013e-01
1.000030768129773762e+00
1.000181606001570245e+00
1.000173528502668940e+00
1.000276841297115471e+00
1.000172337411618040e+00
1.000288498153977024e+00
1.000134308619078150e+00
1.000161120953984906e+00
1.000088473958855584e+00
1.000102312017458583e+00
9.999526125569238033e-01
1.000059927762729117e+00
1.000128952543877459e+00
1.000116958686401603e+00
1.000086829796517307e+00
9.999648385497729164e-01
1.000019819312293556e+00
1.000177006924828138e+00
1.000233568347138169e+00
1.000199463325544436e+00
1.000117698448045322e+00
1.000254275772527901e+00
1.000210107384655434e+00
1.000208957435036350e+00
1.000101543071736598e+00
1.000056216228617512e+00
9.999605809171214776e-01
1.000180231567106892e+00
1.000149032064163723e+00
1.000157478612516249e+00
1.000099221896684876e+00
1.000085521425879476e+00
1.000138712520387552e+00
1.000039197353819631e+00
1.000203042808543774e+00
1.000201862487407833e+00
1.000210805709156769e+00
1.000248807819286379e+00
1.000231038341102163e+00
1.000208369977014344e+00
1.000097141564360470e+00
1.000105555939519109e+00
1.000103145730454779e+00
1.000011177221616698e+00
9.999455707906664825e-01
1.000059477885800963e+00
1.000081014436507765e+00
9.999398324968202800e-01
1.000016601716667841e+00
9.999741977604701404e-01
1.000137557465235361e+00
1.000189094784442068e+00
1.000232428006289975e+00
1.000161562608966159e+00
1.000211897451348531e+00
1.000186153066009886e+00
1.000133730042139346e+00
1.000128914260367319e+00
1.000081120148513580e+00
9.999424161507655118e-01
1.000043977083372893e+00
1.000101145129395519e+00
1.000081211900954115e+00
9.999734157404225332e-01
1.000018720420917218e+00
9.999955508719357011e-01
1.000084726059697227e+00
1.000131578112599007e+00
1.000136623814979142e+00
1.000141747137956783e+00
1.000166567815848673e+00
1.000209581520996593e+00
1.000145639424611321e+00
1.000061221513267151e+00
1.000000983766449414e+00
1.000002410217407878e+00
1.000169081942801297e+00
1.000000259077894249e+00
1.000082639894428027e+00
1.000072053303767694e+00
1.000014145795376841e+00
9.999896339602522000e-01
1.000001734731254643e+00
1.000092803953655407e+00
1.000123138481462837e+00
1.000157438395202547e+00
1.000181803897776334e+00
1.000213747091689420e+00
1.000140414354710350e+00
1.000082443718591119e+00
1.000152182843062620e+00
1.000180690855342114e+00
9.999047964003973110e-01
9.998833845301202672e-01
1.000061118155570528e+00
1.000094847671176179e+00
9.999855187134737422e-01
9.999772132399703528e-01
9.999191541821005336e-01
1.000089110711375406e+00
1.000135859776569269e+00
1.000150015422329064e+00
1.000089423204726602e+00
1.000161868651151531e+00
1.000140751764372782e+00
1.000142099230334924e+00
1.000051186620464883e+00
1.000004872029539804e+00
9.999370308261161799e-01
9.999843989882867268e-01
1.000058613084621850e+00
1.000043413504488887e+00
9.999682145202424266e-01
1.000032838559264503e+00
1.000006126424361597e+00
9.999866857318494562e-01
1.000092310067441037e+00
1.000049436760008126e+00
1.000043537965756624e+00
1.000126499489665921e+00
1.000182031332437882e+00
1.000076424992424551e+00
9.999387797877673512e-01
9.999503574575621112e-01
1.000006904321523171e+00
1.000021434985324698e+00
9.998835853354388625e-01
9.999918274168810850e-01
9.999596835957166308e-01
9.998790144059309659e-01
9.999469232359896598e-01
9.998574503936195068e-01
1.000000836654910463e+00
1.000092015262125988e+00
1.000092707822442417e+00
1.000088538140953442e+00
1.000070489004339924e+00
1.000072010901415620e+00
1.000030553947375500e+00
9.999954428294860476e-01
1.000013904888418459e+00
9.998410617111510579e-01
9.998145909544494669e-01
9.999799965053425277e-01
1.000009962145352649e+00
9.999251117709434533e-01
9.999087362939061974e-01
9.998714675834844412e-01
1.000033152247909118e+00
1.000108737815283311e+00
1.000089586094322192e+00
1.000084215197643900e+00
1.000117852287276232e+00
1.000145876743537832e+00
1.000128085868440708e+00
1.000043844291152562e+00
1.000024040436817252e+00
1.000024637941129058e+00
1.000016692280966124e+00
9.998541315445398370e-01
9.999701725533017838e-01
9.999069878524573518e-01
9.998281422770195492e-01
1.000018079197943166e+00
9.999582639684830854e-01
1.000068666796051442e+00
1.000086770084399390e+00
1.000113792811143876e+00
1.000108153627173202e+00
1.000143123673030932e+00
1.000066270500472365e+00
9.999678485225149682e-01
1.000005764837472499e+00
1.000006043322429594e+00
9.998327241275482002e-01
9.998452877396375449e-01
1.000017244184220555e+00
9.999650493388205774e-01
9.999218511374480256e-01
9.997297949460288713e-01
9.999079099475807197e-01
1.000038195712908085e+00
1.000072553495979122e+00
1.000085230966228922e+00
1.000026573370493832e+00
1.000097213522797457e+00
1.000056633649363036e+00
1.000024840725663333e+00
9.999612512087630023e-01
9.999722326122102434e-01
9.998739716045159653e-01
9.998261317875303256e-01
9.999618737774651489e-01
9.999355185122809075e-01
9.999137209889219502e-01
9.998032130755640789e-01
9.997876433992151091e-01
9.999505544796094547e-01
9.999221924230204950e-01
1.000050064603265509e+00
9.999631051178937691e-01
1.000037426665231877e+00
1.000054704687523444e+00
1.000032931650766788e+00
9.998876257815246804e-01
9.998834287188943515e-01
9.998958479259093535e-01
9.998962362977931173e-01
9.998721833175497897e-01
9.999218605573552132e-01
9.998618016384631657e-01
9.999211898118363084e-01
9.998029117644138264e-01
9.998147100700480738e-01
9.998391543151020633e-01
9.999145867376194596e-01
9.998031804615351570e-01
9.998565819392837284e-01
9.997913344703129868e-01
9.996631271954978804e-01
9.994294891428985306e-01
9.993133592356315820e-01
9.990373640767759023e-01
9.987852063277128378e-01
9.984738559696831883e-01
9.981323593929503080e-01
9.974419396354387013e-01
9.966233632297404332e-01
9.952733280297464402e-01
9.937762591380070454e-01
9.917297757206641196e-01
9.890039706360181926e-01
9.852287984006912192e-01
9.801734082180584284e-01
9.735166449177682368e-01
9.645316078702940166e-01
9.525685617185583043e-01
9.364611373275507633e-01
9.145239054857529082e-01
8.839424854102957418e-01
8.394568465333581697e-01
7.438251960623604164e-01
