2.442824455019823038e-01
1.564962133481574424e-01
1.147992990832430032e-01
8.674076970220333249e-02
6.747714808341830073e-02
5.423851974763367612e-02
4.503319291947565500e-02
3.904705196678581042e-02
3.531086632810119530e-02
3.323514725095325778e-02
3.201296515283376387e-02
3.141902716907904458e-02
3.107169353214055824e-02
3.092745458258397764e-02
3.087945849084391958e-02
3.090007596006083546e-02
3.080216160847246837e-02
3.089729001390877083e-02
3.091166648093573305e-02
3.096007575257446812e-02
3.087210824204436599e-02
3.095013616516126970e-02
3.097249208109862512e-02
3.099694544579445141e-02
3.095323261258345338e-02
3.097752827812385798e-02
3.101357215958955305e-02
3.095956144405236088e-02
3.095500210562879273e-02
3.098100985519417275e-02
3.099132501169564111e-02
3.088070686003666770e-02
3.079726613591705561e-02
3.083924161348283732e-02
3.085637251365027506e-02
3.089948072396674073e-02
3.089585043053175509e-02
3.087869896194836775e-02
3.099047834059698650e-02
3.095193548891649743e-02
3.085552602444253251e-02
3.091915005960830035e-02
3.094804803115154546e-02
3.087609978756675894e-02
3.090277623160262235e-02
3.092098043335796825e-02
3.089689117097501811e-02
3.087331796340931495e-02
3.090034580830365932e-02
3.078659702887413460e-02
3.083628208477699750e-02
3.089125709117275520e-02
3.082578040466884758e-02
3.080177063761096318e-02
3.099234596363745209e-02
3.092460420610778846e-02
3.084496244799666068e-02
3.087879179503803459e-02
3.082538734120045948e-02
3.088561878327801893e-02
3.086517565722273967e-02
3.085226171417618929e-02
3.078472968194511522e-02
3.080720886446150844e-02
3.084110943203949295e-02
3.074824037406994129e-02
3.081109982427199939e-02
3.084631634294345698e-02
3.081897892917328033e-02
3.084404798730971953e-02
3.072597922928276340e-02
3.087119483874449510e-02
3.077052826692405069e-02
3.079102143134735195e-02
3.079450478092283019e-02
3.084516140529628206e-02
3.077249168074535496e-02
3.074100994553658622e-02
3.079877685210060528e-02
3.078412624283070192e-02
3.074623645133749833e-02
3.077971021818636313e-02
3.066756757475902137e-02
3.072484841448910181e-02
3.077684060152022227e-02
3.077877096034951562e-02
3.061569335997840757e-02
3.082383926345036787e-02
3.080749261253912588e-02
3.072352701715350132e-02
3.071471855493794478e-02
3.074250501744104150e-02
3.073659715527391270e-02
3.071251374456751906e-02
3.070284502734504234e-02
3.071145456846715791e-02
3.070029579273141768e-02
3.077563221020356010e-02
3.057250432478505683e-02
3.066702622185682459e-02
3.069817361864624408e-02
3.069201198459383870e-02
3.064369402288003724e-02
3.066643156288955188e-02
3.070062842291710475e-02
3.068158527147765019e-02
3.066213048648771394e-02
3.064301252801977099e-02
3.070387240646718641e-02
3.058837680060247019e-02
3.063666152182068295e-02
3.061187482789306039e-02
3.058032255289488271e-02
3.052037247322924099e-02
3.052252619190188795e-02
3.056082941620676466e-02
3.056432884769231043e-02
3.059321004362027321e-02
3.062357941277572826e-02
3.045296717764393521e-02
3.056707181769261275e-02
3.054412552657673197e-02
3.049779423216296068e-02
3.050117674605232893e-02
3.058838899140087914e-02
3.051444862400818150e-02
3.054182698345332334e-02
3.050049907516083625e-02
3.053819790847185980e-02
3.045749722189689673e-02
3.053938678848623633e-02
3.038447686183825408e-02
3.047075017426937801e-02
3.048751734079095665e-02
3.060241480909365805e-02
3.033673444114411838e-02
3.054173082259903013e-02
3.054364828152978870e-02
3.044461134138309877e-02
3.046100773793943006e-02
3.048202841909837188e-02
3.049123563652118840e-02
3.050560953252716076e-02
3.046992356005304506e-02
3.050560872682250499e-02
3.044536741896855872e-02
3.038783647577687416e-02
3.041607787789542619e-02
3.047359224154728638e-02
3.046127560789243724e-02
3.043422050255541189e-02
3.044066318921013689e-02
3.045585468718577105e-02
3.046803789267185647e-02
3.049887799439241626e-02
3.038998534828364628e-02
3.042020115645069703e-02
3.047028256159685020e-02
3.037685361615981988e-02
3.042863701333317974e-02
3.042817627013304216e-02
3.034085770847860797e-02
3.034335549127853762e-02
3.044970338582281971e-02
3.027807489150716874e-02
3.033691965868947488e-02
3.041798381810451729e-02
3.028980820677502905e-02
3.030586053550562292e-02
3.039236963514794360e-02
3.035202333881681022e-02
3.029295731725207066e-02
3.037897591709224146e-02
3.036635502705170228e-02
3.032829311359547947e-02
3.034111576794094184e-02
3.036653280881450659e-02
3.029954732336931703e-02
3.029368882581931488e-02
3.036684388639300861e-02
3.018852818664820303e-02
3.024569897470727464e-02
3.030270173968368022e-02
3.029607947070452056e-02
3.018758744765651786e-02
3.034811777456541612e-02
3.040437399329826845e-02
3.032310741315227473e-02
3.027528021291591223e-02
3.027955764608703318e-02
3.033367272518348520e-02
3.030508864223616095e-02
3.027628402413854239e-02
3.029543672370207941e-02
3.026763768781281019e-02
3.023165083961420682e-02
3.019876152731977223e-02
3.013459064168137400e-02
3.021617283412676366e-02
3.021657272853044834e-02
3.019072951769367560e-02
3.022603450235149258e-02
3.025639134416881551e-02
3.024622956047843744e-02
3.018064980588644128e-02
3.021150353551840112e-02
3.024971097902181411e-02
3.018479919699878708e-02
3.019616262209666793e-02
3.020267020192249005e-02
3.022396279451329201e-02
3.014161541055394161e-02
3.012793864079849407e-02
3.010084910118395948e-02
3.014732956983566178e-02
3.021921999569247147e-02
3.023100019575927083e-02
3.005922983892915512e-02
3.021535701185218761e-02
3.018175939442107811e-02
3.013273685879753680e-02
3.011921646164001515e-02
3.018576533004431114e-02
3.017900497721061337e-02
3.015479265755606486e-02
3.016914840340960760e-02
3.013239531612642297e-02
3.012003176447202585e-02
3.012313782508014431e-02
3.000082052144222022e-02
3.009454858614927023e-02
3.007977927387190525e-02
3.008558589652358603e-02
3.009033061350070010e-02
3.006016890324971630e-02
3.018722638852293014e-02
3.010850633509332824e-02
3.006982231992036403e-02
3.006325909778889346e-02
3.010529471613559993e-02
3.008010840651852841e-02
3.005985851068016662e-02
3.007323840645280064e-02
3.004276793797197587e-02
3.007716070746127915e-02
3.001931675373618186e-02
3.000736689899308890e-02
3.001292281031939235e-02
3.008133138291456052e-02
3.006599460672956109e-02
2.994385379984761814e-02
3.009923591221172132e-02
3.003696331079642665e-02
2.996301222623781388e-02
2.997498654783764538e-02
3.003310202698273451e-02
2.999810767395581432e-02
3.000067347036525917e-02
3.001337338738926247e-02
2.996071582105952480e-02
2.989777775101003579e-02
2.996637267066072641e-02
2.988838961000706354e-02
2.996340801047949962e-02
2.997103729709217623e-02
2.996448691151719704e-02
2.986066533221811911e-02
3.006216707594342244e-02
2.999926032411264973e-02
2.992620896639417230e-02
2.997191977313241884e-02
2.993345905530781989e-02
2.999057145608719638e-02
2.998740835060580492e-02
3.000014422486130955e-02
2.997257272066637321e-02
2.994011440637014618e-02
2.999209047827918265e-02
2.993693532853676509e-02
2.991913743073991439e-02
2.995986484798422722e-02
2.996053729241104219e-02
2.988156321029970114e-02
2.996242781731408775e-02
2.994443692388988956e-02
2.994689877678645071e-02
2.990023955486973903e-02
2.988417823654608910e-02
2.992517669547321846e-02
2.985998661268729482e-02
2.989384756073071303e-02
2.986653106085769213e-02
2.984642931874303615e-02
2.988036543619867688e-02
2.989370598177326643e-02
2.976743652122083861e-02
2.982253524879851375e-02
2.991107900932694560e-02
2.978300683484049610e-02
2.973128474795423346e-02
2.992911326842291608e-02
2.990157330990267717e-02
2.981532014403793715e-02
2.982851465634744556e-02
2.982288909632573037e-02
2.982709476399646523e-02
2.981729561626427980e-02
2.984464324366578256e-02
2.976343858091952746e-02
2.977349033070326306e-02
2.986845289967865469e-02
2.976834491587908998e-02
2.978875234069041159e-02
2.984489972840839028e-02
2.983849210901411836e-02
2.974823458983544278e-02
2.976605885351958636e-02
2.980091672822437684e-02
2.977156220114680549e-02
2.974627823489481640e-02
2.973489550771193923e-02
2.983409693788877798e-02
2.975816099679043369e-02
2.977744506777398742e-02
2.979692467797884214e-02
2.977470532175367085e-02
2.978406704311700737e-02
2.978841135509457255e-02
2.970382021190424993e-02
2.971365582555750631e-02
2.975046943450057949e-02
2.975028717736676390e-02
2.971334972611979278e-02
2.983758086378688126e-02
2.976134167270641853e-02
2.973482926482793123e-02
2.969614874441303676e-02
2.980922541095443884e-02
2.967783351821830229e-02
2.976552367316753420e-02
2.972243309842946199e-02
2.971339965881883427e-02
2.965310375185591790e-02
2.977743344763125397e-02
2.958552708087877972e-02
2.962370652219930775e-02
2.967969642458697863e-02
2.971132433455072122e-02
2.959645412907068937e-02
2.969603418723448449e-02
2.968407891188617337e-02
2.962107894679466558e-02
2.960480051144634764e-02
2.961528966205862270e-02
2.967288402454216698e-02
2.962668979775572725e-02
2.966669300793892475e-02
2.961904722817525204e-02
2.962432957791472782e-02
2.962809420213997902e-02
2.958050787305986987e-02
2.954773035634692194e-02
2.962523036610700475e-02
2.964481814026912604e-02
2.959907261960437880e-02
2.957991568059400306e-02
2.956810273827135266e-02
2.956593758516050385e-02
2.956585636843083939e-02
2.953341132833957675e-02
2.958170919208521696e-02
2.954459438059678714e-02
2.956931059192083322e-02
2.958763999596926084e-02
2.953296122760047313e-02
2.950241159762962209e-02
2.951784941698750581e-02
2.948176194587637244e-02
2.952143559627469840e-02
2.953506837144958749e-02
2.951909198626730471e-02
2.948129383557061139e-02
2.956568835497369943e-02
2.958811392972327675e-02
2.949819749397179433e-02
2.953353830558454532e-02
2.953989731595932713e-02
2.950095862125497528e-02
2.948885757047289488e-02
2.948008364793019975e-02
2.947582641235531667e-02
2.942860881598826153e-02
2.954358228225461430e-02
2.940586488882308489e-02
2.944530944174581291e-02
2.947414950547907336e-02
2.946047468295860672e-02
2.935957200174188139e-02
2.946498247502660900e-02
2.951863270308800399e-02
2.944758037085115285e-02
2.945570942350566809e-02
2.942365409743092838e-02
2.943733071302605253e-02
2.944697822951523186e-02
2.944395426980816327e-02
2.944890475973363161e-02
2.944366701456966121e-02
2.947062073979290694e-02
2.939967869554751048e-02
2.935899063096830339e-02
2.939695746792680975e-02
2.946276183326792045e-02
2.947652026708145676e-02
2.939768144521697282e-02
2.944823648719457204e-02
2.945852985130597429e-02
2.939969475599013907e-02
2.942592365140118960e-02
2.950519890701013351e-02
2.944296984395448555e-02
2.946918725690281585e-02
2.946323754352346905e-02
2.948191427811083787e-02
2.934119952137641957e-02
2.939945629438606156e-02
2.928727879829674807e-02
2.936876635911530448e-02
2.942888944461456366e-02
2.940643652024932733e-02
2.938403751029922475e-02
2.944984148857151054e-02
2.948152239679864561e-02
2.932407802009260461e-02
2.939263568136701171e-02
2.937717291625716390e-02
2.939640731325467507e-02
2.938483533809415835e-02
2.939283584671544339e-02
2.934609344570417860e-02
2.937991934616414336e-02
2.932667638487390302e-02
2.922094348566001143e-02
2.926524994744300959e-02
2.935254552408853371e-02
2.928621537653811752e-02
2.937437522950358745e-02
2.928353252373120524e-02
2.939354604282664804e-02
2.935450717217532451e-02
2.932384560316467215e-02
2.932211996964070172e-02
2.940357223046306465e-02
2.931133443359337787e-02
2.934617115342581101e-02
2.935532563806331555e-02
2.940276826027835716e-02
2.921285350512785664e-02
2.932910411653320837e-02
2.929677691318968019e-02
2.931007422053440170e-02
2.935140349863254311e-02
2.931743094186699955e-02
2.927952924027872258e-02
2.939159977718548353e-02
2.935729983562232817e-02
2.928995149654234700e-02
2.926183368097294568e-02
2.933384785201961428e-02
2.924541657823786708e-02
2.927897942692381933e-02
2.931594767449707123e-02
2.928307037809583374e-02
2.919343472552942201e-02
2.940643119159545849e-02
2.914698439607786920e-02
2.922044616623649740e-02
2.927718299997633666e-02
2.924209330356990211e-02
2.919019500367822303e-02
2.935478933173879534e-02
2.928484698763266295e-02
2.923656100863635324e-02
2.924774303899917854e-02
2.927483638121440926e-02
2.926917757354666888e-02
2.930558354284150749e-02
2.926324311345474688e-02
2.928190885975820792e-02
2.922098362884252565e-02
2.933195775106678047e-02
2.913868206276711698e-02
2.916942566291150229e-02
2.915431838210309073e-02
2.919974246504998538e-02
2.916112149476522003e-02
2.913375562087018589e-02
2.924476214949808112e-02
2.921160222800056952e-02
2.916891219393050530e-02
2.918661998559590742e-02
2.923036467895326687e-02
2.912457140675488512e-02
2.920680712423377040e-02
2.921992693540405653e-02
2.918960298727609273e-02
2.913751620412486504e-02
2.921658059356462694e-02
2.905271820370225466e-02
2.913413053909502323e-02
2.917421469912791915e-02
2.911220392232507712e-02
2.908124771978363998e-02
2.925243631591676816e-02
2.913821607285689563e-02
2.912676899170337994e-02
2.918090763759647807e-02
2.915231394269566373e-02
2.908625225774686546e-02
2.919224606835264108e-02
2.918895645776436315e-02
2.917734907293209265e-02
2.915821713253390068e-02
2.917428111068252894e-02
2.894340185023465406e-02
2.906586250328621959e-02
2.911870121177719331e-02
2.914345772344818786e-02
2.894314809295144009e-02
2.911556310387702906e-02
2.915469996351576290e-02
2.911955245146747445e-02
2.911789191393116330e-02
2.911045586725216974e-02
2.913943741991234515e-02
2.908154778636495158e-02
2.904803041842724323e-02
2.914382163802311035e-02
2.907317884458215235e-02
2.917341136655840494e-02
2.906964588577727257e-02
2.906977876051303200e-02
2.905141638612935770e-02
2.909550753988172575e-02
2.907408235420226930e-02
2.896489481320197595e-02
2.912203555413330966e-02
2.914347458871171387e-02
2.906847300862993796e-02
2.905517618231748603e-02
2.914200963954468801e-02
2.907569907154080105e-02
2.911834028559260462e-02
2.910444993562387450e-02
2.906709994448618967e-02
2.895447958376719255e-02
2.915522802943279479e-02
2.900759144937953976e-02
2.906636816793710040e-02
2.910599998543031072e-02
2.916562562674882009e-02
2.898529786035600880e-02
2.917778509962581923e-02
2.911079058641282205e-02
2.906732990615604195e-02
2.903998177587165455e-02
2.905797856134402501e-02
2.902854878649249737e-02
2.907814005685789918e-02
2.901826196481583839e-02
2.902229170468700534e-02
2.900996470092023424e-02
2.911835891100574350e-02
2.892756696908985181e-02
2.894679961015622985e-02
2.900926634852670286e-02
2.896758039394859569e-02
2.901269556399942162e-02
2.895668639679905773e-02
2.896471778888744242e-02
2.896283122850307548e-02
2.895644326212039321e-02
2.895449445646476258e-02
2.901987498298502430e-02
2.894309097500242026e-02
2.895861514817983304e-02
2.898803677427276917e-02
2.891424917428301114e-02
2.890541090539484187e-02
2.894398594268430408e-02
2.892415487829683163e-02
2.897238840320808320e-02
2.902961813756382153e-02
2.891805352386601566e-02
2.882099322367803057e-02
2.896006222933832780e-02
2.892545250784171740e-02
2.890390419053506799e-02
2.893170278954970351e-02
2.893737135206001995e-02
2.889929304964495085e-02
2.891265343127415524e-02
2.895840429904915012e-02
2.889412300290139166e-02
2.882048958666332331e-02
2.894957642548271967e-02
2.883646811964678952e-02
2.887216319974204512e-02
2.895106288605651251e-02
2.888727935725679888e-02
2.890436797983460260e-02
2.892903412862163695e-02
2.897801565564665782e-02
2.886370238050437950e-02
2.893706458178169766e-02
2.887367751653554387e-02
2.896720546923405026e-02
2.891682993476259525e-02
2.895478564125567034e-02
2.893358577762625977e-02
2.888549864271934206e-02
2.888792736074300913e-02
2.887123540895805696e-02
2.881880022276402109e-02
2.888377860725329163e-02
2.887655481296929477e-02
2.879944752676126887e-02
2.886821333887423097e-02
2.894760896456067406e-02
2.888271712190008250e-02
2.883399888919026613e-02
2.883012570115393164e-02
2.888929081782717553e-02
2.883364052911477696e-02
2.890695651885479694e-02
2.889094584071786112e-02
2.888743461519915207e-02
2.884583965905447578e-02
2.879524027022116114e-02
2.871545504012048416e-02
2.877663990548430181e-02
2.879376750839953217e-02
2.889008853590795817e-02
2.880287492850829717e-02
2.892014440428092997e-02
2.888010905965292252e-02
2.879830331594266518e-02
2.880003786711925889e-02
2.887256622810737902e-02
2.884382996831000301e-02
2.889822294732131286e-02
2.885978999467453746e-02
2.887913065181653416e-02
2.887755692418382883e-02
2.893060327440828347e-02
2.858146313026264582e-02
2.875735952587358743e-02
2.875062032979857490e-02
2.876944670931348355e-02
2.885467193577246833e-02
2.884325389147304394e-02
2.886199504497862639e-02
2.880147142925384637e-02
2.876996405510646310e-02
2.879363596408008458e-02
2.882490309383817922e-02
2.880090372904930973e-02
2.878260377854291105e-02
2.883008973396292488e-02
2.877724520768284999e-02
2.877555977643427021e-02
2.874422421710817049e-02
2.875892596805910278e-02
2.872362263400419016e-02
2.880336186984859201e-02
2.875079004237114655e-02
2.879662277914698393e-02
2.884336807249069518e-02
2.886045340718634139e-02
2.876001515669332487e-02
2.880897986914369296e-02
2.886655803550498833e-02
2.880669276167387508e-02
2.878602086890249406e-02
2.886389797863886386e-02
2.879598860849347242e-02
2.873674535095989066e-02
2.884485095133693111e-02
2.864688931362574173e-02
2.871564523614141343e-02
2.880713528066654663e-02
2.878997128594822444e-02
2.867880029296329680e-02
2.881489290079264007e-02
2.878941798443360178e-02
2.869178132709215845e-02
2.875141734497051529e-02
2.873324410254214992e-02
2.875203105051400351e-02
2.873579177205181495e-02
2.876008153562501987e-02
2.870386793261697420e-02
2.872951821562572117e-02
2.872984990152500917e-02
2.874576642449500063e-02
2.864589919979666083e-02
2.870458366778089188e-02
2.870335101108173817e-02
2.866014633724903518e-02
2.859192567894505016e-02
2.876552437503531942e-02
2.869346051056289107e-02
2.864352225833978818e-02
2.862217708524906687e-02
2.874276282143414796e-02
2.864893969301919585e-02
2.870557633248705873e-02
2.868693765556929245e-02
2.869809011271181459e-02
2.859786524348058995e-02
2.867919612783285249e-02
2.862729247191501958e-02
2.864540636621358549e-02
2.866763044811381986e-02
2.871480722595846219e-02
2.855158364156160436e-02
2.871501325837876040e-02
2.869641803839424049e-02
2.866703298697075714e-02
2.865989760574671683e-02
2.876614033316703123e-02
2.868480633246509731e-02
2.868224864174203151e-02
2.870551144976217148e-02
2.870936065382473715e-02
2.866120674859365045e-02
2.876611995482340062e-02
2.856055064206016597e-02
2.864016187912532194e-02
2.873440816519516952e-02
2.872356608740758710e-02
2.864954551526435050e-02
2.868483135220100885e-02
2.868178675210054929e-02
2.870120784417112825e-02
2.866382435966111780e-02
2.861041396574123818e-02
2.872713221498633673e-02
2.870730368081918921e-02
2.870042250412828400e-02
2.872428778001172300e-02
2.870092885980813149e-02
2.864427393607117678e-02
2.864966080020405967e-02
2.865926947732643296e-02
2.861943969500601800e-02
2.866051077058325361e-02
2.865279213545267323e-02
2.863092705485295944e-02
2.868567175872899222e-02
2.868949076348596000e-02
2.868416469081180170e-02
2.865969747750590768e-02
2.870240555854003048e-02
2.864011177796524019e-02
2.866689888221100879e-02
2.865198921134520793e-02
2.861310768662695542e-02
2.865847634255054219e-02
2.866264939627624977e-02
2.852682709303293318e-02
2.861893370710678550e-02
2.865578349810587316e-02
2.863969451166227184e-02
2.857070403228286620e-02
2.870649627718118227e-02
2.864371230635663276e-02
2.858881681080888137e-02
2.858850269618239473e-02
2.864672018806610487e-02
2.862822250908159463e-02
2.861876074155061261e-02
2.860858243934887371e-02
2.858173455133640115e-02
2.857578480646215738e-02
2.860183860974295847e-02
2.854943543310350246e-02
2.855535673255303955e-02
2.856742000370772819e-02
2.855952295813521738e-02
2.850687556519389959e-02
2.861141584687572695e-02
2.861387889056896464e-02
2.861857287113820161e-02
2.856945830510117940e-02
2.855116059458480057e-02
2.861862957606603128e-02
2.854808944489020325e-02
2.858457792910030007e-02
2.857769317647177940e-02
2.857340826741213563e-02
2.863331404889129725e-02
2.855669810296681058e-02
2.848568815760094131e-02
2.851449848528458259e-02
2.855442170701868662e-02
2.860056389576574182e-02
2.844685160170883076e-02
2.867601393676178292e-02
2.859035107636383535e-02
2.853767843909932669e-02
2.855052057656460099e-02
2.861160552118765035e-02
2.856237407790216190e-02
2.858637433180002962e-02
2.856950018998008142e-02
2.857608762878258157e-02
2.862592078397335413e-02
2.860892466815856405e-02
2.845617789270667511e-02
2.853490986266177948e-02
2.855694658614628054e-02
2.857861832283172671e-02
2.848084001076921570e-02
2.851925280282568628e-02
2.859820987623297103e-02
2.854037641143609971e-02
2.856162119411424435e-02
2.855966483506098760e-02
2.857738183517085154e-02
2.856812569119903875e-02
2.854754429364651097e-02
2.859815044654722208e-02
2.854868300298175898e-02
2.858704353232860082e-02
2.848304693976707117e-02
2.852040158882220358e-02
2.852716121813059572e-02
2.854902388575831021e-02
2.855578904642220445e-02
2.857447344927119617e-02
2.868072009527589117e-02
2.862687284953370492e-02
2.851824121239019544e-02
2.859457128611636242e-02
2.867627119651035630e-02
2.858233584149508233e-02
2.863222233914791345e-02
2.861514919326746745e-02
2.857515746166782236e-02
2.855259040111375601e-02
2.859606889928219611e-02
2.852551834796889299e-02
2.854805960438841494e-02
2.857976103972555831e-02
2.865627860260686749e-02
2.848770612870880556e-02
2.863068817678868574e-02
2.856455944422602380e-02
2.854383434677299977e-02
2.855316925957794919e-02
2.857437218444982760e-02
2.855489020273333303e-02
2.855190833701979139e-02
2.855490718678761058e-02
2.850617454149552074e-02
2.848151082457647115e-02
2.851117042151327455e-02
2.835794461071097783e-02
2.848981027582879119e-02
2.848221504263651407e-02
2.846967345604490066e-02
2.853188879368361019e-02
2.847024962685974422e-02
2.851715343340177622e-02
2.846433474905013875e-02
2.846338893804062006e-02
2.845807240821722831e-02
2.845443880928991837e-02
2.847024410069761216e-02
2.846959546847727118e-02
2.850246067602828573e-02
2.845060165734492399e-02
2.841207923646962147e-02
2.837483599998542882e-02
2.842248063642573500e-02
2.836202608706339667e-02
2.844966376816110767e-02
2.843055324185203223e-02
2.843254484516842193e-02
2.852088995136715932e-02
2.853591344696299048e-02
2.848713720333435895e-02
2.843598875287511527e-02
2.846959509589776921e-02
2.844566698102281993e-02
2.847840737023224836e-02
2.853895025476915412e-02
2.852327425386524604e-02
2.840601896286533423e-02
2.855297537398551744e-02
2.837550220724441297e-02
2.840701040904538774e-02
2.851614596232102117e-02
2.849593662676979874e-02
2.850466959007558546e-02
2.846829871649097718e-02
2.853315753276315647e-02
2.845507741489641459e-02
2.848218782253472692e-02
2.848211016455148500e-02
2.850503416262371165e-02
2.849026680507690465e-02
2.850845641853798698e-02
2.848118570648196582e-02
2.847115712621907033e-02
2.852765099892368844e-02
2.847955483518083142e-02
2.843751135944600286e-02
2.847295801339467386e-02
2.845389891689205711e-02
2.847461295871153014e-02
2.845881397387683628e-02
2.854305878989238723e-02
2.845367123609140667e-02
2.849701771589339266e-02
2.844069441352245486e-02
2.851772577211799525e-02
2.843953149505984782e-02
2.847361611694584210e-02
2.845399258139795148e-02
2.841402395239723058e-02
2.845263968585805617e-02
2.849996522250381609e-02
2.839156620614039991e-02
2.842345464052915827e-02
2.846601298134722111e-02
2.842961735561599576e-02
2.831833840269196156e-02
2.846529752331320579e-02
2.838429009817520013e-02
2.839315952851822339e-02
2.835401053360469062e-02
2.840514069427437990e-02
2.837232369101136756e-02
2.843483879764586997e-02
2.845913494286793702e-02
2.840117428881608341e-02
2.841379565758433978e-02
2.837551274704467469e-02
2.825643157025374552e-02
2.832802162925902173e-02
2.837486315525857006e-02
2.840911623167777580e-02
2.826521297014638126e-02
2.837821221219019932e-02
2.840488364363431828e-02
2.836917485032757966e-02
2.837819029038508856e-02
2.837044222357150772e-02
2.841367593000616865e-02
2.838121088706048456e-02
2.837239087624029293e-02
2.838935261349150030e-02
2.834326614694194016e-02
2.839136334435618872e-02
2.834404308113581961e-02
2.836257404988589553e-02
2.836521304583609557e-02
2.841456377762648783e-02
2.838374464672643524e-02
2.832575107728271119e-02
2.837962296711951313e-02
2.838328396394295891e-02
2.831492683510934000e-02
2.834322425636639012e-02
2.836794213624448113e-02
2.835544880303784987e-02
2.834515375128818238e-02
2.841327034128017862e-02
2.839739153913431458e-02
2.832451862749373397e-02
2.827159413435529137e-02
2.828329616892777745e-02
2.830017533266561761e-02
2.837320172865380463e-02
2.838267658906805033e-02
2.829143369154511409e-02
2.835699313109270661e-02
2.835130318351479148e-02
2.825430375188012905e-02
2.831166622143653153e-02
2.832385803739364064e-02
2.838799210959725219e-02
2.834117198879646665e-02
2.835156403652794657e-02
2.829662640120854736e-02
2.833195989869911544e-02
2.832253301667687212e-02
2.831842243569201653e-02
2.820842736795155237e-02
2.824810164164081455e-02
2.826605504775637351e-02
2.831504350921970267e-02
2.832507449355912976e-02
2.831183017025091023e-02
2.832697236993435633e-02
2.830207414375691954e-02
2.824656503888904255e-02
2.832910778257560769e-02
2.829337853598113892e-02
2.831270853376850749e-02
2.830114833948245770e-02
2.828511174298108111e-02
2.822880637127258424e-02
2.830537788554680564e-02
2.823427362423235054e-02
2.821761846961384421e-02
2.822195471846019113e-02
2.823063264271723216e-02
2.821511093805512474e-02
2.835865282340956431e-02
2.828881408083960131e-02
2.822463661088580808e-02
2.822337783904875150e-02
2.825902580249377294e-02
2.824276955325184801e-02
2.828966065395334059e-02
2.826144355293287377e-02
2.827220761003348959e-02
2.818312076173819236e-02
2.821817911612508473e-02
2.812941467508097912e-02
2.815134867880396061e-02
2.817754530419758902e-02
2.814732502273138356e-02
2.812162774348657412e-02
2.825954144716234448e-02
2.825967442205426158e-02
2.823888688786043918e-02
2.824863500798833679e-02
2.824444668618827925e-02
2.823335475825018703e-02
2.825684882052671015e-02
2.826186535175940692e-02
2.824831815439769397e-02
2.827396691112846541e-02
2.831205457016340230e-02
2.827273806268877643e-02
2.819984078149826573e-02
2.823310798054192230e-02
2.826713699307934965e-02
2.818024001357858493e-02
2.819504899307304427e-02
2.829910446340097932e-02
2.827916750453588618e-02
2.823404664756588162e-02
2.823849602901275582e-02
2.831970684955597076e-02
2.823983185596087159e-02
2.824692465688734971e-02
2.824259715856776085e-02
2.822478516850795288e-02
2.827347647518132709e-02
2.820820653922401569e-02
2.816189743748736055e-02
2.821473101869770989e-02
2.824804735702632005e-02
2.821874610278756260e-02
2.816221036840546935e-02
2.833263640243471881e-02
2.825398292495163652e-02
2.826344525171573668e-02
2.826929573543654484e-02
2.828269888280144154e-02
2.825557486678247771e-02
2.828455311516178683e-02
2.829389566127285538e-02
2.829427848938012927e-02
2.829328086855344149e-02
2.831918918274161159e-02
2.809122678846524834e-02
2.821262238043418386e-02
2.823140664148810278e-02
2.820115435442264312e-02
2.828144130004784165e-02
2.825203893574831232e-02
2.828366546856593902e-02
2.824017782550984623e-02
2.824448084230249401e-02
2.825511958545331992e-02
2.835258907856431226e-02
2.830219080428330106e-02
2.827538026862159298e-02
2.832177262059602102e-02
2.834639474851121180e-02
2.826152918641099479e-02
2.820423096007373259e-02
2.814241136744250957e-02
2.817794296855128180e-02
2.826384718678379149e-02
2.832609578452617918e-02
2.823011871333039671e-02
2.832751941897648784e-02
2.823977252442323727e-02
2.821867058089192262e-02
2.822681960719195318e-02
2.825181225207139268e-02
2.820841615143505204e-02
2.823374005202168233e-02
2.823918928751371210e-02
2.824291688970595460e-02
2.811518302160617364e-02
2.817972575580422745e-02
2.807509523603490473e-02
2.814904113486562873e-02
2.820102020925108893e-02
2.814380550970355457e-02
2.819021957594603292e-02
2.824917925358438539e-02
2.818290519240647038e-02
2.814897767977636578e-02
2.817455019021962437e-02
2.814543978331938631e-02
2.815585871538029902e-02
2.815751112634925016e-02
2.813214824829596630e-02
2.812329717617593344e-02
2.801718143180850079e-02
2.816265896873513391e-02
2.805621256217746481e-02
2.815586340109335270e-02
2.813092490894781098e-02
2.812985590579890685e-02
2.816241009700193310e-02
2.815347569958900550e-02
2.815820152560882458e-02
2.812690457226092733e-02
2.809726641357619334e-02
2.811416733577873014e-02
2.820281148553245923e-02
2.817548247249518009e-02
2.816533700670326504e-02
2.815752035628726543e-02
2.812903647162698015e-02
2.811561998554368627e-02
2.824624751496293551e-02
2.812167412420569709e-02
2.813958577909815226e-02
2.814592926288314936e-02
2.821267099987072313e-02
2.805822949495721808e-02
2.826693562738732263e-02
2.820075205245522673e-02
2.813931131150919709e-02
2.816874097410126260e-02
2.819621904418568095e-02
2.815582206111117564e-02
2.819524647666412850e-02
2.819149808413305355e-02
2.812598474504495599e-02
2.813582993800843243e-02
2.822411948998281711e-02
2.806874343066463953e-02
2.814173135299833511e-02
2.817781260492010706e-02
2.818015604690103301e-02
2.807092748089842771e-02
2.817959840484722533e-02
2.823507669005364054e-02
2.811738859000907642e-02
2.817764924851900304e-02
2.811387827778306231e-02
2.818013396198310733e-02
2.817438928352934691e-02
2.818848542834358206e-02
2.819290377936767289e-02
2.817429198797823456e-02
2.809093800685717041e-02
2.812609021022203018e-02
2.812940634918856264e-02
2.814401446170062063e-02
2.817459680715428752e-02
2.816724943833725375e-02
2.802122526326334892e-02
2.818276671539444653e-02
2.813062303995567115e-02
2.812112913237311759e-02
2.811321985255223199e-02
2.821017027722328915e-02
2.810338775953520260e-02
2.815814289879690555e-02
2.817242621399797253e-02
2.816191722406397382e-02
2.811911975968339056e-02
2.817422134194241118e-02
2.795774030545071509e-02
2.798274463477082655e-02
2.805011478316165804e-02
2.797411035563076090e-02
2.794782488255640254e-02
2.818587658534343204e-02
2.809394873015297681e-02
2.797403802442403539e-02
2.793345619279638883e-02
2.806023896914590365e-02
2.809823866975579357e-02
2.817213745224185842e-02
2.812831157590807429e-02
2.816182629135222104e-02
2.816779525370440365e-02
2.813881581463275813e-02
2.800082166325067179e-02
2.806156579604691947e-02
2.807057863630442462e-02
2.809238500407054348e-02
2.810741895754055586e-02
2.810388258720152715e-02
2.810720792196037474e-02
2.808002091979426226e-02
2.810315859787269541e-02
2.810163588750658539e-02
2.814340132811849957e-02
2.808820509578073901e-02
2.806173678470168242e-02
2.810977572675926392e-02
2.809260826246779558e-02
2.805047441020652385e-02
2.813255224663005483e-02
2.806547228201863170e-02
2.803476817283283296e-02
2.810018202716823080e-02
2.805275108491626229e-02
2.802335139211878032e-02
2.819399153562284974e-02
2.816659605363404373e-02
2.804175598385705293e-02
2.808265434622965462e-02
2.813976529425584946e-02
2.811449068903248971e-02
2.810029128399080256e-02
2.811991278198959499e-02
2.802596452595816634e-02
2.807531626691227647e-02
2.812357324106415021e-02
2.801406828599432852e-02
2.801092064157835113e-02
2.807743007137446928e-02
2.807801480423621765e-02
2.802068092399890437e-02
2.808610748008696575e-02
2.814513916187362519e-02
2.801172591825500449e-02
2.810793557939537252e-02
2.807701838169132658e-02
2.810863721664796575e-02
2.807532720465481108e-02
2.809822946599686150e-02
2.808978880720087654e-02
2.806831407391672736e-02
2.803379736710072748e-02
2.812229501909993198e-02
2.805462088930565229e-02
2.807730326313474800e-02
2.811070788731673264e-02
2.810128639429631398e-02
2.805983189505015588e-02
2.814461006949308883e-02
2.810684156360099273e-02
2.803998410352828707e-02
2.804959331821778312e-02
2.814797856991304095e-02
2.807301000723257806e-02
2.811169820961077759e-02
2.811903697856234230e-02
2.810189637430575080e-02
2.804988671685132440e-02
2.815557031107853228e-02
2.796230516273942590e-02
2.803188890894451474e-02
2.807060325033347917e-02
2.807712311919862563e-02
2.796126779145626656e-02
2.811265240276749483e-02
2.808725732204764985e-02
2.802557620662953289e-02
2.807323929585579109e-02
2.811091489850990610e-02
2.806420196463653080e-02
2.810800367835972549e-02
2.808296481136252423e-02
2.811814283057878158e-02
2.805173821270086701e-02
2.806923693187676414e-02
2.792716580914999386e-02
2.805320501056815519e-02
2.802819005657981866e-02
2.805829135786029258e-02
2.809245256330207899e-02
2.810078635798458555e-02
2.813088649370246858e-02
2.807525792807810325e-02
2.806329595982686928e-02
2.807806367015757559e-02
2.811888915629898178e-02
2.810185652491375627e-02
2.810078396485455460e-02
2.808942984979036911e-02
2.808953597509761257e-02
2.805730654319730719e-02
2.804433159974954737e-02
2.803125308181789524e-02
2.799528645511962024e-02
2.803857155715847038e-02
2.807915633097184116e-02
2.802697066336662032e-02
2.813542972911977497e-02
2.811156268936567185e-02
2.802790560183525750e-02
2.806559417559046851e-02
2.810817221887696241e-02
2.802889365325490420e-02
2.804321621959435240e-02
2.807262182224620067e-02
2.809105542753912929e-02
2.801498974555331409e-02
2.811945564851308851e-02
2.800747062618865607e-02
2.805742418355687898e-02
2.809238504881568857e-02
2.810502620228071818e-02
2.794757609871953430e-02
2.812700966374669098e-02
2.812497513071907790e-02
2.802476758987585900e-02
2.805822708405098995e-02
2.805404251431928980e-02
2.806122962073499122e-02
2.809646966075673991e-02
2.809290943058543807e-02
2.807076489961678883e-02
2.804053326969430451e-02
2.810364451297004199e-02
2.794307934546852445e-02
2.804616644882748644e-02
2.804816782457307880e-02
2.806728959992442485e-02
2.802928224800175019e-02
2.809839171431928809e-02
2.809594283697613645e-02
2.805042135073385762e-02
2.803135649540347552e-02
2.807947130089461993e-02
2.811329923574965028e-02
2.806513960170782529e-02
2.807088433273455252e-02
2.812155938560391769e-02
2.808251716870239709e-02
2.805065845398429028e-02
2.800291143264550461e-02
2.797202348373867276e-02
2.800774157963095701e-02
2.807739222070762541e-02
2.806351813767554021e-02
2.789223068638747166e-02
2.811182961961541590e-02
2.802642695649763468e-02
2.798469044592266641e-02
2.798225995141148670e-02
2.808738030190357712e-02
2.800774914831165655e-02
2.807205023437285216e-02
2.805328318647109728e-02
2.805954580119962918e-02
2.804366263037394447e-02
2.808984154235574099e-02
2.799162674887872154e-02
2.808935865569517701e-02
2.804222765562018257e-02
2.808657926605313132e-02
2.803711915641701052e-02
2.811401257553557825e-02
2.808743008500369509e-02
2.809175901197344394e-02
2.803988511225969510e-02
2.809302890634371788e-02
2.807965535908762966e-02
2.812868124167291692e-02
2.808556599370330004e-02
2.812300226917160972e-02
2.806779559724021170e-02
2.809606273630555276e-02
2.807138447575698026e-02
2.806537508852570070e-02
2.803974958979999627e-02
2.809461608944603325e-02
2.812900783047784722e-02
2.809952006528763924e-02
2.814746310499697049e-02
2.810624970745143753e-02
2.805850868266571499e-02
2.808465360053474802e-02
2.813501183351977894e-02
2.806230108864551584e-02
2.810265383791170704e-02
2.817970648752414486e-02
2.805956305619494023e-02
2.808986108679640062e-02
2.815400079163216454e-02
2.791148031225381895e-02
2.796621642437559924e-02
2.802368365262897579e-02
2.807879781177397005e-02
2.798265834495694548e-02
2.810393916049993071e-02
2.806738386042582911e-02
2.799489085622096363e-02
2.805707356738483191e-02
2.803831858686644737e-02
2.803808034859784498e-02
2.802647593864537878e-02
2.805084954015898621e-02
2.801953360455406578e-02
2.799704632539947585e-02
2.803592138655511268e-02
2.800790192392319661e-02
2.799459005161308855e-02
2.806613247606379313e-02
2.805315427898155342e-02
2.799513966687748254e-02
2.803274677843824517e-02
2.808949774159018656e-02
2.802764268303917575e-02
2.803652197760385031e-02
2.801489499060692834e-02
2.808943630926258664e-02
2.803629534730310569e-02
2.805534632432755623e-02
2.805887040414756922e-02
2.812836434976502542e-02
2.802315700741889182e-02
2.803308488539198173e-02
2.794030864593285979e-02
2.799414354744350283e-02
2.799999504161874639e-02
2.805909353520465513e-02
2.793065651054146489e-02
2.813598882091755335e-02
2.803127790804692612e-02
2.802470172000688653e-02
2.802307423616539825e-02
2.812606575212949281e-02
2.805905306704766650e-02
2.806875650776882725e-02
2.809012996696528749e-02
2.808687713399197691e-02
2.803168328523846994e-02
2.812967226977395110e-02
2.795112347684260146e-02
2.804635942420966727e-02
2.807951231256262600e-02
2.811227342264780923e-02
2.797408301066591288e-02
2.813484200274489824e-02
2.813214761537736683e-02
2.808262919670228772e-02
2.808168687950681960e-02
2.805456872890917802e-02
2.810424872953464631e-02
2.810677327234511677e-02
2.810427174825340380e-02
2.812453144988994250e-02
2.813607171327308504e-02
2.803195829448435622e-02
2.796177403359456637e-02
2.801978798659895617e-02
2.804254146244331350e-02
2.805133524413396667e-02
2.805663590805160604e-02
2.797869739987178181e-02
2.808639755838394925e-02
2.802565228002808564e-02
2.802030626139560138e-02
2.805106530987930974e-02
2.812967704111417333e-02
2.801631529325707484e-02
2.807936172693404828e-02
2.810658851604806718e-02
2.811634999803461210e-02
2.801115490752883672e-02
2.801692009221795274e-02
2.797277556287987646e-02
2.800933274232477593e-02
2.801104990899798419e-02
2.806490885376661595e-02
2.794007747906530545e-02
2.815992251007103445e-02
2.811143538799167063e-02
2.803616498486483088e-02
2.807304390486981688e-02
2.812489302966783566e-02
2.806570901138006127e-02
2.808562610007237642e-02
2.814604771978222036e-02
2.811329966539724903e-02
2.810892630994995742e-02
2.812043325303818786e-02
2.801120812363057724e-02
2.806850679122372197e-02
2.815058535080594559e-02
2.820822820511094051e-02
2.798764356113430524e-02
2.810985695380208149e-02
2.813379278428197044e-02
2.806281931767843837e-02
2.807386221614464189e-02
2.810979261708507551e-02
2.811393349691365326e-02
2.810235618333024529e-02
2.811355865983899277e-02
2.818052611932542889e-02
2.811788145096572739e-02
2.816201974469793173e-02
2.804843884874655760e-02
2.808738484748604658e-02
2.808644002854058727e-02
2.811374350161953764e-02
2.812428123432426583e-02
2.811443967490490081e-02
2.815203187654180886e-02
2.816485377100625201e-02
2.807818347807729958e-02
2.812742207510767270e-02
2.816638574326727623e-02
2.812505582932024045e-02
2.810053647289923254e-02
2.814656602316763581e-02
2.808869166956031935e-02
2.810088204396823941e-02
2.814374721482449868e-02
2.799802474686636372e-02
2.805682269394456016e-02
2.808819040503675313e-02
2.806997293223153014e-02
2.802728051384952013e-02
2.818574950282081576e-02
2.816942426002707472e-02
2.809563887602507803e-02
2.813395668915143200e-02
2.812116704367344580e-02
2.809226707191176536e-02
2.812312037552877272e-02
2.811931317499810276e-02
2.808165005356283092e-02
2.806064728244469716e-02
2.825591621205682247e-02
2.808430325465518379e-02
2.814741860126896561e-02
2.811621508772502512e-02
2.814525150432163267e-02
2.816937265906159851e-02
2.810947507344529334e-02
2.813255216126701180e-02
2.812095170071091804e-02
2.805248011961496493e-02
2.812442217253857332e-02
2.811888432287708642e-02
2.812776493744464923e-02
2.811655493959021312e-02
2.814402316199907453e-02
2.812591764218555154e-02
2.805646703672957931e-02
2.809495297229305452e-02
2.810912696406561370e-02
2.809339095972176667e-02
2.813484865295532572e-02
2.817537755980144276e-02
2.809835822351783308e-02
2.823496807076488965e-02
2.817091892890848798e-02
2.810913306972827319e-02
2.815375943761056973e-02
2.819153844070875284e-02
2.817427199317742992e-02
2.818250989612315627e-02
2.821697650856697104e-02
2.817582319185488529e-02
2.811308847791681512e-02
2.814369892825208802e-02
2.808389318452923430e-02
2.814132578745488431e-02
2.816361446667220089e-02
2.815621192294506803e-02
2.810901377368218990e-02
2.821950273459456274e-02
2.822623829789702721e-02
2.811347460385385522e-02
2.819222341063617326e-02
2.815774809240979490e-02
2.818600252506534704e-02
2.820222325112061931e-02
2.820686741837130640e-02
2.818955451445580643e-02
2.817718370117262838e-02
2.818635033971630260e-02
2.822110124610251874e-02
2.817050457646214437e-02
2.816560898839416335e-02
2.819910351645595753e-02
2.825617994744531597e-02
2.814232577277385461e-02
2.820056500171631841e-02
2.821509860715383511e-02
2.820112171948016902e-02
2.818932373124068136e-02
2.826149417064583239e-02
2.822270639054607136e-02
2.824176698570392621e-02
2.825807772362980141e-02
2.823508274301833251e-02
2.820471821960816514e-02
2.813020747682103834e-02
2.809098993372656158e-02
2.813406927270630312e-02
2.817320422176081487e-02
2.817170631849135257e-02
2.810582842557950503e-02
2.827656703006529298e-02
2.826591100337949233e-02
2.817867590391278862e-02
2.816022880033869011e-02
2.822385947165048647e-02
2.819668472513976384e-02
2.823177548099821410e-02
2.825968895617683718e-02
2.827548961837395361e-02
2.830974243170459453e-02
2.822082292719168065e-02
2.811107478728496964e-02
2.818762779662151510e-02
2.821767551815581102e-02
2.821257928592527109e-02
2.818812331159968598e-02
2.824205342231976210e-02
2.825926735954742766e-02
2.826452870216486848e-02
2.821614148628683386e-02
2.822652977748506611e-02
2.825995981858498221e-02
2.826739718279296446e-02
2.830654749425298364e-02
2.833042339212085356e-02
2.825843678693354746e-02
2.834258963286352337e-02
2.826099151260908979e-02
2.821617255962461865e-02
2.821976522745178045e-02
2.832049451375927979e-02
2.831341486081544179e-02
2.824372078011653728e-02
2.835474656337179725e-02
2.830500583563839642e-02
2.823591539470349937e-02
2.827719757681469021e-02
2.832885118611494848e-02
2.824445345888167147e-02
2.830557448057751530e-02
2.834023539532227326e-02
2.830408255126384137e-02
2.826217404589158322e-02
2.825875333735433648e-02
2.816014761005679323e-02
2.822042221157076980e-02
2.826724159356553551e-02
2.828332595700114305e-02
2.816180408922656572e-02
2.839414028719907182e-02
2.830207188253013734e-02
2.831324523379189981e-02
2.832029507505988072e-02
2.832367892978543758e-02
2.833171204153082934e-02
2.837336600761299760e-02
2.833666469398923859e-02
2.836072280837912893e-02
2.836235667937613003e-02
2.837383340956651720e-02
2.835205985879003104e-02
2.836041268706625262e-02
2.831721367141638510e-02
2.835157399827037059e-02
2.837495475790053137e-02
2.834339577488106596e-02
2.842651574667033262e-02
2.841189562514711761e-02
2.833716405498733562e-02
2.836766788950882343e-02
2.839201589184050384e-02
2.834565647927718771e-02
2.836872960049172804e-02
2.836484315331568723e-02
2.830472167722066640e-02
2.839934512284939330e-02
2.839852310054936241e-02
2.830216390845946214e-02
2.831062049603259162e-02
2.836362821317259253e-02
2.840677705211228435e-02
2.827832861602658232e-02
2.840257992009785626e-02
2.839894204232503924e-02
2.832438650719289186e-02
2.837500306810378237e-02
2.839468961575089198e-02
2.839057811082673632e-02
2.841713589604283330e-02
2.843077705871392344e-02
2.836814449366099888e-02
2.838784310123983537e-02
2.840656988179459524e-02
2.827663936503153203e-02
2.833987083226775089e-02
2.838474364862384955e-02
2.838426747758698160e-02
2.839644229484724128e-02
2.838959873332706080e-02
2.842642286556603878e-02
2.841275053144891663e-02
2.842593205196493680e-02
2.836562861859952267e-02
2.844896414225169326e-02
2.841266951025322313e-02
2.842026118030033938e-02
2.845171444426826401e-02
2.843216680767089027e-02
2.840044709097290163e-02
2.845694632944551980e-02
2.837202769442492833e-02
2.845316606981343130e-02
2.848269593468557431e-02
2.838873842907918901e-02
2.838658274989748487e-02
2.846044293313379145e-02
2.847439168626593117e-02
2.840018055308162620e-02
2.841989267764185104e-02
2.849016991751102817e-02
2.844929560114363779e-02
2.846431648716984258e-02
2.847478457122536860e-02
2.843351857877148003e-02
2.842898539521383425e-02
2.850904294436343647e-02
2.842135423176820122e-02
2.844087671643560217e-02
2.852232986969836098e-02
2.850787740390656189e-02
2.841692686083006208e-02
2.849268015262022488e-02
2.852819382140851096e-02
2.844720624859827310e-02
2.849847659343237097e-02
2.846759243113522117e-02
2.850497432248822252e-02
2.851248026964920551e-02
2.855012174825601046e-02
2.849922123941549604e-02
2.851658403852480594e-02
2.852288313355827790e-02
2.848632987813825082e-02
2.845206466200607409e-02
2.851800853581613893e-02
2.849720835695606844e-02
2.855336274690640358e-02
2.847752293065141521e-02
2.855321538234699072e-02
2.852275054187267470e-02
2.853118125113802972e-02
2.848626824128944537e-02
2.858388446982031150e-02
2.852100698341746010e-02
2.857154814145390284e-02
2.854050190952347327e-02
2.859384362207696359e-02
2.854478749610260199e-02
2.859509323709363490e-02
2.846441272494603866e-02
2.857178392497751809e-02
2.856552356720987867e-02
2.857210655887691339e-02
2.850615786837331495e-02
2.864332439547557715e-02
2.860940229227188283e-02
2.857872989363173868e-02
2.853646354359795981e-02
2.861929095205559617e-02
2.861999038692033398e-02
2.864861684945214579e-02
2.862124988764731467e-02
2.865404577619032334e-02
2.861014403839753223e-02
2.869854999158812439e-02
2.845518783155474504e-02
2.853652762765379255e-02
2.859143806730136961e-02
2.857964798252916536e-02
2.858427559707015300e-02
2.870962037836422356e-02
2.864945093051823530e-02
2.860145422242076768e-02
2.862463166681100332e-02
2.865962740898989058e-02
2.865238665075032706e-02
2.869602746224484552e-02
2.864816131155496076e-02
2.873213249293428764e-02
2.865017057075998699e-02
2.868240353852107016e-02
2.861954508314052542e-02
2.862961576425518059e-02
2.860428454402649465e-02
2.866533367422586381e-02
2.868469204840755349e-02
2.866066787363756585e-02
2.869951234702789941e-02
2.871204037258556427e-02
2.861506721108233314e-02
2.867609521428261463e-02
2.868479489537026708e-02
2.865558209190211328e-02
2.868572710161989767e-02
2.873052506182189464e-02
2.868148646627784529e-02
2.872040186444209386e-02
2.877213894784640819e-02
2.857785169990368496e-02
2.862089332267434699e-02
2.871795580578286045e-02
2.862319252741116204e-02
2.861002223347616086e-02
2.870641200533327261e-02
2.875011914088279261e-02
2.864490839382868512e-02
2.877769786860596285e-02
2.865618237700976248e-02
2.874348678614675745e-02
2.872223089448941447e-02
2.877570133067519978e-02
2.868537231597801523e-02
2.874323162166881121e-02
2.874063013211022866e-02
2.864984120483476948e-02
2.871280560999915979e-02
2.876315249918426700e-02
2.872273158613891306e-02
2.883924244048487878e-02
2.871309873562270798e-02
2.879095207481228644e-02
2.878032836495601418e-02
2.876800327648317696e-02
2.872251769370505817e-02
2.881072110240074161e-02
2.878811530298866148e-02
2.880558319157410299e-02
2.881223652123893197e-02
2.882971487541946543e-02
2.876302789335248231e-02
2.877988634454120218e-02
2.871320253907779646e-02
2.877111954330659541e-02
2.882754652705451018e-02
2.882029166428216882e-02
2.874074810482939862e-02
2.889939910434518103e-02
2.888062359596174286e-02
2.875765323004076182e-02
2.878821767976557852e-02
2.886247898723149144e-02
2.881255840816674893e-02
2.883067929080772307e-02
2.888129241726408725e-02
2.889405982492340361e-02
2.879445851509388268e-02
2.889472199773487557e-02
2.868330322559493883e-02
2.877358136835236543e-02
2.878155549671209887e-02
2.879916355719925117e-02
2.874290926097658114e-02
2.885154456357762881e-02
2.887563812537129182e-02
2.881540461333486139e-02
2.882826608941131685e-02
2.882549052686537647e-02
2.885477208877751040e-02
2.883189461345713953e-02
2.884176324228207230e-02
2.884577637444951312e-02
2.884139377612603833e-02
2.890551394893829673e-02
2.872953319891392507e-02
2.880633403771975035e-02
2.878954813773964075e-02
2.885296434413347350e-02
2.884718338699547233e-02
2.890461467101789611e-02
2.891843678361793665e-02
2.887032066627159138e-02
2.884329219763716659e-02
2.888619286381733514e-02
2.893997400695207806e-02
2.888105761737321669e-02
2.889871247132525314e-02
2.894731562269521608e-02
2.897677050334503818e-02
2.895503303699481848e-02
2.900777348078041953e-02
2.884074005447515021e-02
2.888428989000512565e-02
2.894730676367575362e-02
2.892807941447361059e-02
2.886859437803870193e-02
2.900963923951960233e-02
2.900507345869610121e-02
2.896319926757459293e-02
2.898263357482929597e-02
2.903698943764904464e-02
2.898552365867586994e-02
2.901682084228556988e-02
2.900179928481655053e-02
2.903071330129689681e-02
2.897503163384224784e-02
2.906124457294187099e-02
2.889018050166199114e-02
2.896903711990026636e-02
2.899814451818434613e-02
2.902761640777699534e-02
2.893616607784048333e-02
2.899535924895965330e-02
2.899898811115963343e-02
2.898572665800414755e-02
2.894165405520487608e-02
2.897210060015441291e-02
2.899069219148879203e-02
2.900936406070632814e-02
2.902009457536794054e-02
2.902642700925354979e-02
2.900526899323814523e-02
2.900962838397368529e-02
2.901910682900021160e-02
2.898120909898162234e-02
2.898616250255543411e-02
2.904135862085280295e-02
2.902782625248848461e-02
2.898512969958884355e-02
2.909936493116042217e-02
2.909143922720892894e-02
2.903908881491103558e-02
2.903182065129767189e-02
2.911928461994743589e-02
2.905472102292817188e-02
2.908670339049771944e-02
2.912669592854385051e-02
2.911348534699818164e-02
2.904131689919604853e-02
2.916389403302825992e-02
2.904995155535759419e-02
2.907850029160475441e-02
2.913967439978435575e-02
2.916905513332792785e-02
2.902153282140702492e-02
2.920011743119386993e-02
2.913230109835589568e-02
2.912142453849746182e-02
2.916086547986884714e-02
2.919700008384889384e-02
2.917248106288161669e-02
2.920404182506990826e-02
2.922431632026765980e-02
2.926736505391081683e-02
2.928548809189418511e-02
2.926743394896384048e-02
2.918032880138995977e-02
2.938663959153504229e-02
2.949789846910799013e-02
2.968270530964210729e-02
2.991013000627722532e-02
3.033867843689427857e-02
3.103525388423792122e-02
3.216394366253289006e-02
3.400333561595995230e-02
3.686333892475388702e-02
4.138995976731876109e-02
4.825993846529459674e-02
5.823438534130968847e-02
7.249612635963835483e-02
9.268800480152537824e-02
1.217239944119581363e-01
1.643572515203235718e-01
2.553957481541589414e-01
