2.430315018561750862e-01
1.559665447577565089e-01
1.145171862345701341e-01
8.659444827664751487e-02
6.740687929985882121e-02
5.421023869376236093e-02
4.503155118912981897e-02
3.905205274709313418e-02
3.529844523611843504e-02
3.321695915181670233e-02
3.199004536135428151e-02
3.137840048788326230e-02
3.104385288086501313e-02
3.087963038391842302e-02
3.080278079184266271e-02
3.084746962600920864e-02
3.073056114547266862e-02
3.082675900513272282e-02
3.084168384800383203e-02
3.091062207972276182e-02
3.082479677503019433e-02
3.090608788138542173e-02
3.088347941687472759e-02
3.094461991050749886e-02
3.091118715422399438e-02
3.090784577466821129e-02
3.094979400656754781e-02
3.090824082981133772e-02
3.090147096765015131e-02
3.092697223849238258e-02
3.092104914782789135e-02
3.080466997895272424e-02
3.073180456613703107e-02
3.077987517145230542e-02
3.079369145453583409e-02
3.086608602277179231e-02
3.083770397744296093e-02
3.082513497331539759e-02
3.094085177222900135e-02
3.090341710896771579e-02
3.080215538511114556e-02
3.082769715119086651e-02
3.089652312694087313e-02
3.081863143052807757e-02
3.084928300135671847e-02
3.087382039301943271e-02
3.082362470504536323e-02
3.084036596090434373e-02
3.083072991836289037e-02
3.073401625540219187e-02
3.077397711919858600e-02
3.084463612376445521e-02
3.078763053109678099e-02
3.073859906251162621e-02
3.095747952140715312e-02
3.089616929419570363e-02
3.080678392139819116e-02
3.081227791998039645e-02
3.078200913125904090e-02
3.083042009706533221e-02
3.079807304678616395e-02
3.082210969889561877e-02
3.075405088192459044e-02
3.076733533768211126e-02
3.080459575546781043e-02
3.070710111052109628e-02
3.076315826968094996e-02
3.078967906934564763e-02
3.077841755065942320e-02
3.079243922405406828e-02
3.069539096629012725e-02
3.077968517943301119e-02
3.073568247373536372e-02
3.077989310295483477e-02
3.073766609407699996e-02
3.078648459675968965e-02
3.074774751695000252e-02
3.069798858835209518e-02
3.078267854869988149e-02
3.073843173949725519e-02
3.070601482782013558e-02
3.074676179366759438e-02
3.061254674152648694e-02
3.068073026454854607e-02
3.072288770646864828e-02
3.073093714476810706e-02
3.055776713342952394e-02
3.079801073753178284e-02
3.074782865571105972e-02
3.070252150714127340e-02
3.067367883891369135e-02
3.069513332605324288e-02
3.069139513552845977e-02
3.067645096904569185e-02
3.066633515002125526e-02
3.063910039772793636e-02
3.062790156632706068e-02
3.070964003389724598e-02
3.051458865097512671e-02
3.059725913439979850e-02
3.065613449126140810e-02
3.064462917440391107e-02
3.059089854644613318e-02
3.062115506001204107e-02
3.065785961119828901e-02
3.060417840717593457e-02
3.062014677888608497e-02
3.062912804916179815e-02
3.064369106861869474e-02
3.054546459838754918e-02
3.059430583129559011e-02
3.058914772100344501e-02
3.055104174467746306e-02
3.051281982688013733e-02
3.048686400580201405e-02
3.050231764071612700e-02
3.049396740456730703e-02
3.054082750670081281e-02
3.057097405681298563e-02
3.044126895753184944e-02
3.052646808934376954e-02
3.046727742098248939e-02
3.043613951068845080e-02
3.044700233589585706e-02
3.054983336880771894e-02
3.047493856848541849e-02
3.049886909814227692e-02
3.044879320703972395e-02
3.048476337240970183e-02
3.042617685510332765e-02
3.048918990564145406e-02
3.035089173447104438e-02
3.038755221032466217e-02
3.042277363791653227e-02
3.055030537284316935e-02
3.031124807755548531e-02
3.048691983403342340e-02
3.047407557664445418e-02
3.040807238327669984e-02
3.043136109880443738e-02
3.045094003027675258e-02
3.044684096468093862e-02
3.044119473676351606e-02
3.041316818153634582e-02
3.044762946057268799e-02
3.040229564855909464e-02
3.032521132496290156e-02
3.039319151610040889e-02
3.040161305550436593e-02
3.037458500340988604e-02
3.037637559944801613e-02
3.036539533468995619e-02
3.041482990551197876e-02
3.041680444171790398e-02
3.043266566531724338e-02
3.036176265773483235e-02
3.034789383757531891e-02
3.041697195906486670e-02
3.034459136085950956e-02
3.036761213973952420e-02
3.036804000684173790e-02
3.030365008188557266e-02
3.029513081394503635e-02
3.039435826887679909e-02
3.024187051566284978e-02
3.029640634786524844e-02
3.035852229320599310e-02
3.024105265433254738e-02
3.026239617648792193e-02
3.032074679077355339e-02
3.031263805401339731e-02
3.026040575226980958e-02
3.031918183089860053e-02
3.033363922456471656e-02
3.029039853526178244e-02
3.029172777425585827e-02
3.030731645824731244e-02
3.025481693647987663e-02
3.024084054033822008e-02
3.032645158151782080e-02
3.013707834328048854e-02
3.020334880870209973e-02
3.027317775038963765e-02
3.025409209486617373e-02
3.017015850881047540e-02
3.030607531759845277e-02
3.035935518968802677e-02
3.028664779457790335e-02
3.023147239618344251e-02
3.023294708415679571e-02
3.028004641265640007e-02
3.025246718322337908e-02
3.023665271673678379e-02
3.024397771609185423e-02
3.018279998617609539e-02
3.021545170713797746e-02
3.013459823787040595e-02
3.011203079765723684e-02
3.015702852649699423e-02
3.020566272167600833e-02
3.015013344857786493e-02
3.019331160000183686e-02
3.019556865498764994e-02
3.018477067373126488e-02
3.013522777422421306e-02
3.016857278874403997e-02
3.020187223841954219e-02
3.013067955201538528e-02
3.015004659984053814e-02
3.016003356640972050e-02
3.015106854023965124e-02
3.008407545953037734e-02
3.008225934729402695e-02
3.002747733224803844e-02
3.010201918016676068e-02
3.020941735561989694e-02
3.019252259103929678e-02
3.000950891772446311e-02
3.019515338804932766e-02
3.015696358593791815e-02
3.009525030810006677e-02
3.007737299834521011e-02
3.014027352722154288e-02
3.013185729484497977e-02
3.011927239038063309e-02
3.012874528215338937e-02
3.008022951659183875e-02
3.008945633545849485e-02
3.005479116041533116e-02
2.996200120443914469e-02
3.007334528002041096e-02
3.004802251663245619e-02
3.003951535927619487e-02
3.005457392197079941e-02
3.002064767462418390e-02
3.014018881510563061e-02
3.006671861476850616e-02
3.002777072199156599e-02
3.004885708681274969e-02
3.005587762275076930e-02
3.003121676151648822e-02
3.002495423627872528e-02
3.005110654863234199e-02
3.001481696168187968e-02
3.003596962857068772e-02
2.995091508311144637e-02
2.995848816714040755e-02
2.993655872181740299e-02
3.004239047609344807e-02
3.002232993430201460e-02
2.993417256888402864e-02
3.003464133169043981e-02
3.001745767861924846e-02
2.993963494065577519e-02
2.994199402781111061e-02
2.997347766944119529e-02
2.993179290447831736e-02
2.996279251488178502e-02
2.995211834144368562e-02
2.991681230148337395e-02
2.987102119652274360e-02
2.990884826334239827e-02
2.983425757377458978e-02
2.992735129661882459e-02
2.991265072302843817e-02
2.993509733465581774e-02
2.983185664608785023e-02
3.001756515717932811e-02
2.997158916094906297e-02
2.987604148107923796e-02
2.993801810384188328e-02
2.987375693398751364e-02
2.993017125675995899e-02
2.993827308791653652e-02
2.995117763697570032e-02
2.992352125637716409e-02
2.989132780524918903e-02
2.991105119400079906e-02
2.984963022164601951e-02
2.985610912214512261e-02
2.987344980598754390e-02
2.989543619068975311e-02
2.981071869567302954e-02
2.991523867942166848e-02
2.991568285489613205e-02
2.991243931310400353e-02
2.982894550166046571e-02
2.982511136241778812e-02
2.991593756644854787e-02
2.982577839811687698e-02
2.985398336597722482e-02
2.981274858069366332e-02
2.981482837343286951e-02
2.983565203901141286e-02
2.985947136405303279e-02
2.973183515727870554e-02
2.980431463661081457e-02
2.985536910165909399e-02
2.975439276584851758e-02
2.966945033895276168e-02
2.987450412563139382e-02
2.981664679636054568e-02
2.972987638456084727e-02
2.978843557738464209e-02
2.980189967296324738e-02
2.979990668334379228e-02
2.977795463083366539e-02
2.978711830200541505e-02
2.974248868117551972e-02
2.972036118654242109e-02
2.984089640017696318e-02
2.972811852801026528e-02
2.974867523772843983e-02
2.978539230101619195e-02
2.978955895388388925e-02
2.971179996689314248e-02
2.973657591910526532e-02
2.973503583262927796e-02
2.973009178870731142e-02
2.970618773883602209e-02
2.967762070364763499e-02
2.978289049568554406e-02
2.970048542023726382e-02
2.971784033712930248e-02
2.974133390598350177e-02
2.971897874032763953e-02
2.974067008377438009e-02
2.974864879098369774e-02
2.965603056237071586e-02
2.968370819689047924e-02
2.970824829935658426e-02
2.972314712809744769e-02
2.968833096102326680e-02
2.978678637623952824e-02
2.972343945638755702e-02
2.966969851051048587e-02
2.965326385694807068e-02
2.973603958779436757e-02
2.962656498056605650e-02
2.968397801774013897e-02
2.967509033356563811e-02
2.968193045980341283e-02
2.959731496053631672e-02
2.971953538296139355e-02
2.954672891934324516e-02
2.958467436940886638e-02
2.963286182162990293e-02
2.963798033481755342e-02
2.955017381085982969e-02
2.964799449572771278e-02
2.963524409770382576e-02
2.958244075245628629e-02
2.957863680093329381e-02
2.957602556889235568e-02
2.964285153145218912e-02
2.959534224790750373e-02
2.963520483232685854e-02
2.960409516101936145e-02
2.958159858269375150e-02
2.958700560501300800e-02
2.956070811688788977e-02
2.953160787721702263e-02
2.958902517307085422e-02
2.960137734128675049e-02
2.954293808374441888e-02
2.955026993343595407e-02
2.952512183772839846e-02
2.951640878508359628e-02
2.950343255144333848e-02
2.948775011107982943e-02
2.953003844987125287e-02
2.949632177954486165e-02
2.953790565265081158e-02
2.954507237202572134e-02
2.952627688773427211e-02
2.946971180955734043e-02
2.949410705581246434e-02
2.945721607724365032e-02
2.945888401484077906e-02
2.950198258484772879e-02
2.944393147949808665e-02
2.942324689374029717e-02
2.950893921841727871e-02
2.955793699187871451e-02
2.945007196856103127e-02
2.949560185751815347e-02
2.951700125602960134e-02
2.945801519975177821e-02
2.943676644079259996e-02
2.944686368507485469e-02
2.944377824187096454e-02
2.938580914310854122e-02
2.949662845640253425e-02
2.933001114803491030e-02
2.938439832160254922e-02
2.945169897461073771e-02
2.941505963598225679e-02
2.928522064928269081e-02
2.940707487948211046e-02
2.947127457056177013e-02
2.941832238736495631e-02
2.940107392154615168e-02
2.940981148457160257e-02
2.941753152106239139e-02
2.941041336565180381e-02
2.940969085708279585e-02
2.940377996734932706e-02
2.940170225708982690e-02
2.941740963886082735e-02
2.937551025847769809e-02
2.932218655836327237e-02
2.935011101449475079e-02
2.941187293098872224e-02
2.942869907373924301e-02
2.933940836934268229e-02
2.941562733856342704e-02
2.941127611215052506e-02
2.933180045790798746e-02
2.936652290804610613e-02
2.944636680264990994e-02
2.939770040851480068e-02
2.940747783592829318e-02
2.942300684978454983e-02
2.944506948286708739e-02
2.931298336049875664e-02
2.933659680880303794e-02
2.925759448216854949e-02
2.931967520728583423e-02
2.940836146377037719e-02
2.937699891713113631e-02
2.936449312975595791e-02
2.943900944309508008e-02
2.946009409934381013e-02
2.926575468054139206e-02
2.936110383202888627e-02
2.934859983241296794e-02
2.937300362969939155e-02
2.934601814464904770e-02
2.936229644966959276e-02
2.928896595625464852e-02
2.934181574464257702e-02
2.929188671584858142e-02
2.917769565782319524e-02
2.920926415920378078e-02
2.930662355683423190e-02
2.925223459720353858e-02
2.936490098311567501e-02
2.927531717291674551e-02
2.936091781706117593e-02
2.931031503594073648e-02
2.927336105194819349e-02
2.929720503428233369e-02
2.934610497446948213e-02
2.927246055209757614e-02
2.929089714461884444e-02
2.931424917380131070e-02
2.933426330945737570e-02
2.919274919573247584e-02
2.928983207039713085e-02
2.925762848252994389e-02
2.927549503031471809e-02
2.929364152572087182e-02
2.929446483384328531e-02
2.928238475658612172e-02
2.936132259551565982e-02
2.932668428385609705e-02
2.924555338110673350e-02
2.918963337884824052e-02
2.931855402279447478e-02
2.922975922252219610e-02
2.926998986843642320e-02
2.926661423153066599e-02
2.926045653111195716e-02
2.914874724864696676e-02
2.937018176449368231e-02
2.909629493558270330e-02
2.918361329386537709e-02
2.926327181121674698e-02
2.920154397754700162e-02
2.914693676731855768e-02
2.932346883608328778e-02
2.926182849294865426e-02
2.919031071616159587e-02
2.922144767856541675e-02
2.921485579718669998e-02
2.923019467519631306e-02
2.925589381794102203e-02
2.924954428422894478e-02
2.923700695525721996e-02
2.919054932585687587e-02
2.927014921681193871e-02
2.910856274791176479e-02
2.910220803829570088e-02
2.915109770099216097e-02
2.914271018085496517e-02
2.913023835651843557e-02
2.910788657677847516e-02
2.921370389196321915e-02
2.919624834130496102e-02
2.914054533326812524e-02
2.918267590880284368e-02
2.917995871009109246e-02
2.911385636853230582e-02
2.914677716233836022e-02
2.914413631285770953e-02
2.915741960922907383e-02
2.911879757300584598e-02
2.918531567464547824e-02
2.903596853631018257e-02
2.908191404154588169e-02
2.915353726099124271e-02
2.908480543576138014e-02
2.904620485590940493e-02
2.920174553047042570e-02
2.910711273692993817e-02
2.907250269303079601e-02
2.911697091965337672e-02
2.911831633451463994e-02
2.906308081181408626e-02
2.914022212503597151e-02
2.914122895552530290e-02
2.912994627490296529e-02
2.911431294130138736e-02
2.910821829804521171e-02
2.892107403311839145e-02
2.902033345172335549e-02
2.909049748404567842e-02
2.908164146559885643e-02
2.888886568526980586e-02
2.906713300472106229e-02
2.910695118908622134e-02
2.910195534074314777e-02
2.907518453881804965e-02
2.906222468200866590e-02
2.907038714081339181e-02
2.906113509565658171e-02
2.904722103056378915e-02
2.910456206439614862e-02
2.903075688191514986e-02
2.912962152032348359e-02
2.902421428837989592e-02
2.900729840059355219e-02
2.902705610460599647e-02
2.906537245904835046e-02
2.901597149162957190e-02
2.895266043148658069e-02
2.909042396032398767e-02
2.910461317593862965e-02
2.901192039614376370e-02
2.902079335514773720e-02
2.910247365147985293e-02
2.903912533364468029e-02
2.905707385916601881e-02
2.907474700947589030e-02
2.905034523946969233e-02
2.895068683117894837e-02
2.911693429456391202e-02
2.897640572448546489e-02
2.901562996518181753e-02
2.906688668256295766e-02
2.914275907528538975e-02
2.894366038663721483e-02
2.912841060003648966e-02
2.905237199152579594e-02
2.901714394559795282e-02
2.901924053736018236e-02
2.903404268933940102e-02
2.900767244514214707e-02
2.902372460417905128e-02
2.899694497598884202e-02
2.897848860218983635e-02
2.895968174886839885e-02
2.907082292363172976e-02
2.889847976479430550e-02
2.890325013677230714e-02
2.895670930027567300e-02
2.895148396015948672e-02
2.895951046219343017e-02
2.892048276439168272e-02
2.894240644621963107e-02
2.895262994261485479e-02
2.892095251060212632e-02
2.889999880744745578e-02
2.901323349572581395e-02
2.888719147307844751e-02
2.893100126121887772e-02
2.894445729545753326e-02
2.886896985094533630e-02
2.886893571704934880e-02
2.888244850576159040e-02
2.886720044726856158e-02
2.891589480889782127e-02
2.899230407589940481e-02
2.891132681896903950e-02
2.878454679197732166e-02
2.894603645996162225e-02
2.888425359101196022e-02
2.884336591728202392e-02
2.889101754875148670e-02
2.890439462893529265e-02
2.885326021369757910e-02
2.890146673960652945e-02
2.891910080048422718e-02
2.888652476301263941e-02
2.879736001867938544e-02
2.889907784580549727e-02
2.880081680575051484e-02
2.884194667619509669e-02
2.893541447838538297e-02
2.886552468425663751e-02
2.886186590545219977e-02
2.891065879030968802e-02
2.895141226592106223e-02
2.881309827503787668e-02
2.890455508292958872e-02
2.884146306446288069e-02
2.892273179328980204e-02
2.888841524069344496e-02
2.890698659940628412e-02
2.886910145827231711e-02
2.887456246703721044e-02
2.887806821927667647e-02
2.884274284114900916e-02
2.879302225438905294e-02
2.884500421301667769e-02
2.885669270791506313e-02
2.878306176912342682e-02
2.883213088873710223e-02
2.892586901495976248e-02
2.882314146046590156e-02
2.880401888544681377e-02
2.879353805931833890e-02
2.887112445556917761e-02
2.879569039547272280e-02
2.886473934555303447e-02
2.887757696187792655e-02
2.887522514005280358e-02
2.882634452534477837e-02
2.878612253933805765e-02
2.868315016335831399e-02
2.873876523445612063e-02
2.876237104246252146e-02
2.883575464711593886e-02
2.876341408740757874e-02
2.892206783503617831e-02
2.881697798189626278e-02
2.878122592446339528e-02
2.876742113825775382e-02
2.883782265510494158e-02
2.878552315476239423e-02
2.884523093311147993e-02
2.882938326689162695e-02
2.882090778617939220e-02
2.883990081442139655e-02
2.889723793431151627e-02
2.854857150252081144e-02
2.872267489752555053e-02
2.870595139283193403e-02
2.873465156029710380e-02
2.880778672699135790e-02
2.877561346711688187e-02
2.883138355619991808e-02
2.875289844993604918e-02
2.875964901371754964e-02
2.876514396494426681e-02
2.877172105927380472e-02
2.876531678194001185e-02
2.874511305778332249e-02
2.877847826351552854e-02
2.875109087550229564e-02
2.873650905790801902e-02
2.870593376593437787e-02
2.875042744386048510e-02
2.869029169272881846e-02
2.876744098185116116e-02
2.869762970004937491e-02
2.875579966020135395e-02
2.880484445521205514e-02
2.885183554283551194e-02
2.871107186449670112e-02
2.874265953456502445e-02
2.880979474904667506e-02
2.876081550614533952e-02
2.873779726402005130e-02
2.882031889397023566e-02
2.876296187626252443e-02
2.868486570145615047e-02
2.881454012759793529e-02
2.863257459900117249e-02
2.868256767123848056e-02
2.878041839903409949e-02
2.878107097790017291e-02
2.864438976097681902e-02
2.878944681974649270e-02
2.873446414067443166e-02
2.866044067861481595e-02
2.873195670987513731e-02
2.868723008690424875e-02
2.868642782082971368e-02
2.870855182596928137e-02
2.870319786231195769e-02
2.866819518524776206e-02
2.869174689813183340e-02
2.867889538618035791e-02
2.871655834174607902e-02
2.861702959889518214e-02
2.866706994360634225e-02
2.868312173050415609e-02
2.862085502260425587e-02
2.856964203545062780e-02
2.872247962216119624e-02
2.865880082987873681e-02
2.861226164529377322e-02
2.858044582979754958e-02
2.868994542138272180e-02
2.860448206126299520e-02
2.865681193558672693e-02
2.864751814908864103e-02
2.864479871973802175e-02
2.859143813595583714e-02
2.863695498689644570e-02
2.859362493437961339e-02
2.860597672252495824e-02
2.860108230805529297e-02
2.871284333734292621e-02
2.853952206500120006e-02
2.867962608060777713e-02
2.868295646994427003e-02
2.861437157552223359e-02
2.861609472645867264e-02
2.872545697832670775e-02
2.860915919621724243e-02
2.867127818858151295e-02
2.867747411840338920e-02
2.868084214727320905e-02
2.858107011008307122e-02
2.871428425383910216e-02
2.852720621504179974e-02
2.859896249217135089e-02
2.864578672467299469e-02
2.870080951250605222e-02
2.860907752002754198e-02
2.866033083516566701e-02
2.863531437384409656e-02
2.864544321609515179e-02
2.863066025623673891e-02
2.860511175441768014e-02
2.867945075258538506e-02
2.869265475327176240e-02
2.865815749502791804e-02
2.866147778250951322e-02
2.867740562702326274e-02
2.861571288624531820e-02
2.859886914114849812e-02
2.861606212821754189e-02
2.858699903735151954e-02
2.861349436579361041e-02
2.863675467501734795e-02
2.858042217573251303e-02
2.862886182886278941e-02
2.864970690593169819e-02
2.862092411129271707e-02
2.861885027705681275e-02
2.865814082973216353e-02
2.863306073944575647e-02
2.864401501521718352e-02
2.861563917873186091e-02
2.858243467907575081e-02
2.860980758113185890e-02
2.859234778130832766e-02
2.852586820184536964e-02
2.858314412061575827e-02
2.863744117138048925e-02
2.861852249276103377e-02
2.853383070025866663e-02
2.865303232956694160e-02
2.857788588256995888e-02
2.856827134572409443e-02
2.854142386915330815e-02
2.860466974294648482e-02
2.860490631908970197e-02
2.859265071928793547e-02
2.856316910319780730e-02
2.852623053118108834e-02
2.853705943423376357e-02
2.858071261936719065e-02
2.851913491174452170e-02
2.851130092668817048e-02
2.852945502179329157e-02
2.853538753498340713e-02
2.845592975573267222e-02
2.857678335237926956e-02
2.858063955197003361e-02
2.860516559304274523e-02
2.851014044214421686e-02
2.850569820103623919e-02
2.858222404534186550e-02
2.851532159319723411e-02
2.852993853070374605e-02
2.853759207726393882e-02
2.855557186947764448e-02
2.857837580121557960e-02
2.850152283836441744e-02
2.845669488602957375e-02
2.848097276644527207e-02
2.850780647377608445e-02
2.856219642672820289e-02
2.843144155290154573e-02
2.864187755496346716e-02
2.856054692589201152e-02
2.850589903753651677e-02
2.849514118601181520e-02
2.856052207350914460e-02
2.853355676711938002e-02
2.853722628587894786e-02
2.856653822214972119e-02
2.853775397031852942e-02
2.858197697073649665e-02
2.858307801896454656e-02
2.842571946993441984e-02
2.850041668137173745e-02
2.853526437972908614e-02
2.855773700094349152e-02
2.846129829568934400e-02
2.845967993787468578e-02
2.855540760938714284e-02
2.852269940709132798e-02
2.853377993400816465e-02
2.852077370791387262e-02
2.855302169418268837e-02
2.855342761615916464e-02
2.853173622821131641e-02
2.857532270938058921e-02
2.854779765482125253e-02
2.853764292390183893e-02
2.844530334338513100e-02
2.847085265200407014e-02
2.846318699576828176e-02
2.852151211619984722e-02
2.852731898860415283e-02
2.854653245762503455e-02
2.867509803813458880e-02
2.857277950813221987e-02
2.850645250626610006e-02
2.857220112845281976e-02
2.862978382776293004e-02
2.854789029724441249e-02
2.859750379815092017e-02
2.859561361924930697e-02
2.854511063851961419e-02
2.852395506376940310e-02
2.855984366208703593e-02
2.849571843251328188e-02
2.849867277274516913e-02
2.852985738134037122e-02
2.862190098889321258e-02
2.844077970318735146e-02
2.858222058015549502e-02
2.856644236771477621e-02
2.851828116682560491e-02
2.848826432222801089e-02
2.850994606767839196e-02
2.850181538419440525e-02
2.850573298737601319e-02
2.853448791127217651e-02
2.844879370985998676e-02
2.842927679807925878e-02
2.847879977949616809e-02
2.832358482814247708e-02
2.844982615844781487e-02
2.845442164504560431e-02
2.842024334491556961e-02
2.848448486276242489e-02
2.842364628243668201e-02
2.847234125758264442e-02
2.843292843105898332e-02
2.842432955641236922e-02
2.842666626853273745e-02
2.843357257185100823e-02
2.843542244768811761e-02
2.844168813279475405e-02
2.844851857989566177e-02
2.840081750752139478e-02
2.837130887981577712e-02
2.833449401457646677e-02
2.838725747992580303e-02
2.834147888916677127e-02
2.843337960396672207e-02
2.839321329392956172e-02
2.839343064761283564e-02
2.848619087840980127e-02
2.849122811546475620e-02
2.845843748337025317e-02
2.843359275299393168e-02
2.844235987279312983e-02
2.841514779304386493e-02
2.844505410675005411e-02
2.853493366386576288e-02
2.847544220649058169e-02
2.835746342319327151e-02
2.851603491680922142e-02
2.833948796968761147e-02
2.836833176743859541e-02
2.850121526573628009e-02
2.845067604528069005e-02
2.845805763842544633e-02
2.844835623389393997e-02
2.847337099147167691e-02
2.839741024865999677e-02
2.846650208821017644e-02
2.846241078756095097e-02
2.849154344564078234e-02
2.844473616773163585e-02
2.846887024561083751e-02
2.843871592213532626e-02
2.843970392597489419e-02
2.846925579045837817e-02
2.843690277010748474e-02
2.841785512307149625e-02
2.843171998386702370e-02
2.840651035877355540e-02
2.844315718877501314e-02
2.842772763262558372e-02
2.851130972680408424e-02
2.842047756169141515e-02
2.845345996737822653e-02
2.838693369611143894e-02
2.848676244727312359e-02
2.838944765220679026e-02
2.843720148469661840e-02
2.839904261679116609e-02
2.837237709001882990e-02
2.838036840208105552e-02
2.846353391853273171e-02
2.834809991298015489e-02
2.835488031397953579e-02
2.842585828311124108e-02
2.837620527069914522e-02
2.826993352158797129e-02
2.843495716189253439e-02
2.833864573750958724e-02
2.834112266634903482e-02
2.831815718419879169e-02
2.836538738346415164e-02
2.833814647176448320e-02
2.838961357119688944e-02
2.841535471491781276e-02
2.835910876183168894e-02
2.835175747009515204e-02
2.831203973697797235e-02
2.823057855032882688e-02
2.829035865816897574e-02
2.834193628510668639e-02
2.838827809115752540e-02
2.820268898915228098e-02
2.834337568680720537e-02
2.834226108011116477e-02
2.832138056979814980e-02
2.836245191259486112e-02
2.831383835603536181e-02
2.837086316104041675e-02
2.831553416171871465e-02
2.832454575625008644e-02
2.833288868160874913e-02
2.830186533562113055e-02
2.832799249813850936e-02
2.829975007726964406e-02
2.830844013020852867e-02
2.830258267568077496e-02
2.835521095053256460e-02
2.834377048176959027e-02
2.828137485791334949e-02
2.832939901392640333e-02
2.831950272569258228e-02
2.826047578626651041e-02
2.829639645749388796e-02
2.832151707341873381e-02
2.832387494137340520e-02
2.828961852826951742e-02
2.835589317757836875e-02
2.835585221407802350e-02
2.826302436074918864e-02
2.823222518236947684e-02
2.823034352729664881e-02
2.823151217313841013e-02
2.836118402822802517e-02
2.832403572727631297e-02
2.822031177377918795e-02
2.829594928304016502e-02
2.829498600545107476e-02
2.821170330832433251e-02
2.827010411172756546e-02
2.828525541839601795e-02
2.831871198878361043e-02
2.829558806969985005e-02
2.831792020484533157e-02
2.826422410747295860e-02
2.829133524615317502e-02
2.827301723419917492e-02
2.824836807142546563e-02
2.815069506403243896e-02
2.820671207359778596e-02
2.822136935752461370e-02
2.825764773777781139e-02
2.825760220134176937e-02
2.825654541176293721e-02
2.823240394080003476e-02
2.822493287103833293e-02
2.819034139634917294e-02
2.828072830083515343e-02
2.821612176968860478e-02
2.825421138919814029e-02
2.821013361009640230e-02
2.823579515945842319e-02
2.817271575121983729e-02
2.827717103880752342e-02
2.815528701804537182e-02
2.817669872126669917e-02
2.816175054790776358e-02
2.819830788997836415e-02
2.816941110920597596e-02
2.829845834315326131e-02
2.823273718635905052e-02
2.817403601833793139e-02
2.817696905777112779e-02
2.823357131394811995e-02
2.819233621011674185e-02
2.821236218675701735e-02
2.820514047082985781e-02
2.820112981701360794e-02
2.816449834192896393e-02
2.817209534965732856e-02
2.808481467550973110e-02
2.809671744118143535e-02
2.813621198814997976e-02
2.810612339425934761e-02
2.807816353652908131e-02
2.821923689215759604e-02
2.819721267914781365e-02
2.818505753102540715e-02
2.822202654624798163e-02
2.817052725316311623e-02
2.819583843349114313e-02
2.822055578528118516e-02
2.821346170005546369e-02
2.821573036771101578e-02
2.820510254685420701e-02
2.826318456251751543e-02
2.824009127088350848e-02
2.814937868173079255e-02
2.820367952930866173e-02
2.821246550914355972e-02
2.813314485994696662e-02
2.815466248253551892e-02
2.825898641633464020e-02
2.823267141339059344e-02
2.818536122071290187e-02
2.818295014237252871e-02
2.826615225054612823e-02
2.818410927982476638e-02
2.823767111640386809e-02
2.820680611482117087e-02
2.819077875967436822e-02
2.820997882272167218e-02
2.816546195415438325e-02
2.812720060525093074e-02
2.815338111753275252e-02
2.818428746025716108e-02
2.815425665915264469e-02
2.812448756741791484e-02
2.828428768039659494e-02
2.817450460810546828e-02
2.820150861575396531e-02
2.819321120456283469e-02
2.824148382474667845e-02
2.820132040969224735e-02
2.824048857729407822e-02
2.825181143102124467e-02
2.826522639784123658e-02
2.824204510494885897e-02
2.826437951140336330e-02
2.803364702886473186e-02
2.814333331713576511e-02
2.818357353548020874e-02
2.817936510232488603e-02
2.823354338768565772e-02
2.818790545557131599e-02
2.823028426901870100e-02
2.819570778793839896e-02
2.818768087783925930e-02
2.819128138062455824e-02
2.825932741669989756e-02
2.827355236478178852e-02
2.820141876287822827e-02
2.828058406745474415e-02
2.828558817180776286e-02
2.821465766493862215e-02
2.813836847314044390e-02
2.810212277288299046e-02
2.814106088478517467e-02
2.821482488624429269e-02
2.827772810757015268e-02
2.817102172014589179e-02
2.828237351785320777e-02
2.817448273861584626e-02
2.817605950632896122e-02
2.815629624272967743e-02
2.823468676314891748e-02
2.814209226942993025e-02
2.817564906475311659e-02
2.817411505447712725e-02
2.818131437899754413e-02
2.805190418143803377e-02
2.812038228901666062e-02
2.804084545738771972e-02
2.809474071736268661e-02
2.813422512602309009e-02
2.810744351834729496e-02
2.813789058581089159e-02
2.822956829040344437e-02
2.810995707756870632e-02
2.810968424926860165e-02
2.810484452158106689e-02
2.810392089501817514e-02
2.809604654301164559e-02
2.812335791147781844e-02
2.811440082289204737e-02
2.807888830544609179e-02
2.799140552910233185e-02
2.810422796863108058e-02
2.803019920521710243e-02
2.811888002356743507e-02
2.803535347970296035e-02
2.809144514856003194e-02
2.814033028412730314e-02
2.809668354060156775e-02
2.813673350237694271e-02
2.808013556448970757e-02
2.803042628416900148e-02
2.806332079538668284e-02
2.813810298020703524e-02
2.809761576887529963e-02
2.809737849182326885e-02
2.811503992645373456e-02
2.808927522965999971e-02
2.807657991960751595e-02
2.821374166710790415e-02
2.808774843664462242e-02
2.806892972294535230e-02
2.811205146847423064e-02
2.815787614565005287e-02
2.800406644466781406e-02
2.820207347942341528e-02
2.815088786502041932e-02
2.811576212260936958e-02
2.812880814273571728e-02
2.815423510060532930e-02
2.809396499396515576e-02
2.814901019746833891e-02
2.812991676674684444e-02
2.810618465851453390e-02
2.809842094948034746e-02
2.815477910915392679e-02
2.803607664728253318e-02
2.808210657403146376e-02
2.812173227577274143e-02
2.812866528652328141e-02
2.800949678515040481e-02
2.813428417482686031e-02
2.818396072959590201e-02
2.809353679434683018e-02
2.810940579348778640e-02
2.806654794424799301e-02
2.813406880455547945e-02
2.811517450383069563e-02
2.815746987615987476e-02
2.813090543636468169e-02
2.808868701552421146e-02
2.805407733475204918e-02
2.809860258106255254e-02
2.806663260837832796e-02
2.810589194380276601e-02
2.811665781114897414e-02
2.812530056261117878e-02
2.797871353886444146e-02
2.812001310295916823e-02
2.808080283327714366e-02
2.806696744825752307e-02
2.806556689229884258e-02
2.816361842905885579e-02
2.805809184778522772e-02
2.811673162853725941e-02
2.812666715421256736e-02
2.810562018612319454e-02
2.806061546656517594e-02
2.812752535253817965e-02
2.791003829055465138e-02
2.793876708396882125e-02
2.797631736720983947e-02
2.794323951171905421e-02
2.789462935838129751e-02
2.810049529149298217e-02
2.804348101465183388e-02
2.793400250044859867e-02
2.788292321324018289e-02
2.803142239635177460e-02
2.805141452525265408e-02
2.811153372487669097e-02
2.807829508265563892e-02
2.813037578683387149e-02
2.809245093753862457e-02
2.810119404752531649e-02
2.793527212210539928e-02
2.801674705830950809e-02
2.800046647294560792e-02
2.804764723623545675e-02
2.807861758974482258e-02
2.806422228939756472e-02
2.805208635801204747e-02
2.805980482637961820e-02
2.802152456657658677e-02
2.805872942234264103e-02
2.809920568207672012e-02
2.804592098222893209e-02
2.801585577363659846e-02
2.808456400282864640e-02
2.804486929478135562e-02
2.801233027331412329e-02
2.807110483889744407e-02
2.800404323552136907e-02
2.796910480425920248e-02
2.806319864972051450e-02
2.799442588402084250e-02
2.797222072594294021e-02
2.811796845137700535e-02
2.811537148433728567e-02
2.801671327894920266e-02
2.802666100225988804e-02
2.809543820087346058e-02
2.805769825216333432e-02
2.805288320415669570e-02
2.808644115581391057e-02
2.802182280630106589e-02
2.801695959671399172e-02
2.807648370946388625e-02
2.797354513756247080e-02
2.794713760587431289e-02
2.804513659975622561e-02
2.801033985782063265e-02
2.796770193586516073e-02
2.804303594495879612e-02
2.810297874089291020e-02
2.797861467645149786e-02
2.807605868855586259e-02
2.803220820375976197e-02
2.807070060318489491e-02
2.802717689736942269e-02
2.803507435938260017e-02
2.804430402230883440e-02
2.802759221680642746e-02
2.800440297294534697e-02
2.804923114769981504e-02
2.799807311454321004e-02
2.801128035520618689e-02
2.806256999485894771e-02
2.806948047476136993e-02
2.800425962461350685e-02
2.810540686727667353e-02
2.805383335675923698e-02
2.798423502864869766e-02
2.803524224782070334e-02
2.808491891279060390e-02
2.802962169663547609e-02
2.805490681378737874e-02
2.808509147153457133e-02
2.805177111448954944e-02
2.800807203334723661e-02
2.810104490941188471e-02
2.791457513453081407e-02
2.797798534725512085e-02
2.802817942041974097e-02
2.802804241381895434e-02
2.792373996809371928e-02
2.806754585487539200e-02
2.803932246105740600e-02
2.797946893459618209e-02
2.801018934767714880e-02
2.804878777632345555e-02
2.800886170937070055e-02
2.805129926149475122e-02
2.802616600840762001e-02
2.803755169169757158e-02
2.802013450800299940e-02
2.804171182356549399e-02
2.790251230969685234e-02
2.799840437292103884e-02
2.799068771240896883e-02
2.801346366019344739e-02
2.807259335868403718e-02
2.806814512006113385e-02
2.808017524541446888e-02
2.802423971845644998e-02
2.803761675781856269e-02
2.805082715964823253e-02
2.808642349351466241e-02
2.802281034384325117e-02
2.803964321236591603e-02
2.805207106120584382e-02
2.806616404363498213e-02
2.801962090870687566e-02
2.799738289764491447e-02
2.799984577551644510e-02
2.794281436086479969e-02
2.801372513972793729e-02
2.804473913956927883e-02
2.800186597538592559e-02
2.808410875630647577e-02
2.804602965157146008e-02
2.798310668285611605e-02
2.802829500489510337e-02
2.806103557474519741e-02
2.798417660896487802e-02
2.799909442339154619e-02
2.800570862768441555e-02
2.807318847856057897e-02
2.798242232234846721e-02
2.805519867122857613e-02
2.797166946229900572e-02
2.799177804573644429e-02
2.802043892775616524e-02
2.806289770478355081e-02
2.791181072781170544e-02
2.808561472522578401e-02
2.806811555361223010e-02
2.799870291830379443e-02
2.799306227377107090e-02
2.800390827052792742e-02
2.801933936995295443e-02
2.804636712608498880e-02
2.803761182396092774e-02
2.805045847795347921e-02
2.801154621506118936e-02
2.806782648834802926e-02
2.790905286816855804e-02
2.799599963695117294e-02
2.802684055203952598e-02
2.801875710524530036e-02
2.797463725914104554e-02
2.806221051240754757e-02
2.803642981515108018e-02
2.801258549839862749e-02
2.798183822593849207e-02
2.803304356077153045e-02
2.807864230330426106e-02
2.800918584691280966e-02
2.802608347704050457e-02
2.805728034172128710e-02
2.802495744197667712e-02
2.799725473445984283e-02
2.799129234285055445e-02
2.795316254632694911e-02
2.796257338017213434e-02
2.801916221036627325e-02
2.803651502004861351e-02
2.785534907270453830e-02
2.806409194933294146e-02
2.797508910682110564e-02
2.794997611168283796e-02
2.792072249358009198e-02
2.801643998833297164e-02
2.799858958534848577e-02
2.803741309414335345e-02
2.798635550862060839e-02
2.800653836348564879e-02
2.802595096061220870e-02
2.804697388091256793e-02
2.795976517528320909e-02
2.800971315789255178e-02
2.800187584013918637e-02
2.806925221295873338e-02
2.799151247488668864e-02
2.806435771875947019e-02
2.803809061797931171e-02
2.805241928912542010e-02
2.801249849156796715e-02
2.804811378663281049e-02
2.803925643589763594e-02
2.810571392198246699e-02
2.805572768691318164e-02
2.806731440304695638e-02
2.805912028503258424e-02
2.806436250504575763e-02
2.801113299941371954e-02
2.801054223581296923e-02
2.798930742970987331e-02
2.805773813305673450e-02
2.808873808299840527e-02
2.803645610590203147e-02
2.808396229623463455e-02
2.808951693309803474e-02
2.801042461541866299e-02
2.805395459443854947e-02
2.808543944050886573e-02
2.803402529169709070e-02
2.805412355397514032e-02
2.814259831981884286e-02
2.801495045598669312e-02
2.802771600640634880e-02
2.808039511735320112e-02
2.785007641146548807e-02
2.794284089366730339e-02
2.797505398244617622e-02
2.802515950254751489e-02
2.794637921406950207e-02
2.806223909163389416e-02
2.801994916493019683e-02
2.798661183510990288e-02
2.802816893829056244e-02
2.797969978560559123e-02
2.799285282670457842e-02
2.798993847043804856e-02
2.800673893677031040e-02
2.799697963151447783e-02
2.798578740443304416e-02
2.799477889993282759e-02
2.797404658775583947e-02
2.797446715344898555e-02
2.800205025884764873e-02
2.797525620077426570e-02
2.793880034321131328e-02
2.799716036847901823e-02
2.805778150353811090e-02
2.794883643887289756e-02
2.798648259073230338e-02
2.798421257355136055e-02
2.805582461877139874e-02
2.801437360106120641e-02
2.801674346958919065e-02
2.801819887629275821e-02
2.806528852454041531e-02
2.800658017196593769e-02
2.797459485382261177e-02
2.790296191882767757e-02
2.795983050151980634e-02
2.796186076605359366e-02
2.801897851976279524e-02
2.787398484262647302e-02
2.809815804913349396e-02
2.799389813594086937e-02
2.800416704477231081e-02
2.798934996410473372e-02
2.811861423477749963e-02
2.801551904643405713e-02
2.803489343323104649e-02
2.804174677051033890e-02
2.805830720614625393e-02
2.798962947627633285e-02
2.807972844048508415e-02
2.790970491609801388e-02
2.803397783301234819e-02
2.802519699421233620e-02
2.809098622706584364e-02
2.793342337715738061e-02
2.808601832210940244e-02
2.808181241291170943e-02
2.804285261729354273e-02
2.803964081620033758e-02
2.799769166186338518e-02
2.806794048434508096e-02
2.806027326147156331e-02
2.807763729902396435e-02
2.806852145825843373e-02
2.809492598623677603e-02
2.800108462358793376e-02
2.793180467407781892e-02
2.798114709010900147e-02
2.801291995318870576e-02
2.801903606399351945e-02
2.802300643174581579e-02
2.793018834029219188e-02
2.803299126346866371e-02
2.797904828458628451e-02
2.798994769557422782e-02
2.801379707064971872e-02
2.807770092879305693e-02
2.799151171826741794e-02
2.802986686871378197e-02
2.807378822100080676e-02
2.806078699249510769e-02
2.797038452931569288e-02
2.801407339162128446e-02
2.795387608783846817e-02
2.795935581889524499e-02
2.797832215883013646e-02
2.802890016669461887e-02
2.790158308286634983e-02
2.810555526045055430e-02
2.807198219824758034e-02
2.800561436073944338e-02
2.804280280297471312e-02
2.808095935478287578e-02
2.802259652020173963e-02
2.805759659138376202e-02
2.809588451124897523e-02
2.808860334832115335e-02
2.807532876576554481e-02
2.807333810235679641e-02
2.796619500032520786e-02
2.803440517258697084e-02
2.811502358528132628e-02
2.816968852850515112e-02
2.792552890472340191e-02
2.806201906200101251e-02
2.810705328030775260e-02
2.801925257321073032e-02
2.805347947102612705e-02
2.805528309378784932e-02
2.803794457590761888e-02
2.807861654378805694e-02
2.805498885253743593e-02
2.815009595789333754e-02
2.808379990582189970e-02
2.813430149248318315e-02
2.801458039611070747e-02
2.804315111844844430e-02
2.805680152472889849e-02
2.807082948428752181e-02
2.809764982895966712e-02
2.806395948825474509e-02
2.812585491081320138e-02
2.811970736888308106e-02
2.803047572959297198e-02
2.810500402058980704e-02
2.810327941562269435e-02
2.808656440462903303e-02
2.807067685640676769e-02
2.808535726562903095e-02
2.805904026829606282e-02
2.803699849355547821e-02
2.809651344145715907e-02
2.795259867406609325e-02
2.803405331909608958e-02
2.804045807675083213e-02
2.804348285628868037e-02
2.797130633158071908e-02
2.815126627346794044e-02
2.811284402750380620e-02
2.806188405350920623e-02
2.808815176931611646e-02
2.806040749377470417e-02
2.806330916983360707e-02
2.807143094116876583e-02
2.807393045927525713e-02
2.805406069971280725e-02
2.802073665318250903e-02
2.823095519104280859e-02
2.801858650436277881e-02
2.810101868556674418e-02
2.809020265859732066e-02
2.807384847215399146e-02
2.814087555166676011e-02
2.809109306524287461e-02
2.810562740682917213e-02
2.809004475400682030e-02
2.801864160500787057e-02
2.808077667879409212e-02
2.807015126364398663e-02
2.810212528686905492e-02
2.806114023824940115e-02
2.810442937553409709e-02
2.807730322149793248e-02
2.798533869097044602e-02
2.803501071171794062e-02
2.807992033393783005e-02
2.807878257801962527e-02
2.810580080391769306e-02
2.812525886820561871e-02
2.805276322704624778e-02
2.818680610993386237e-02
2.813060718066627552e-02
2.808261283734428404e-02
2.808364145057942046e-02
2.814731981100087113e-02
2.812502525041787535e-02
2.814682561755161780e-02
2.816464420029993546e-02
2.812241793157192055e-02
2.806897236182395380e-02
2.810417380953536895e-02
2.803013437365942453e-02
2.809764629929945717e-02
2.810979698466111246e-02
2.811661604239134443e-02
2.807746752215640323e-02
2.816563765719159312e-02
2.817839567968896675e-02
2.808200385133419880e-02
2.817510811781816921e-02
2.811288794343790726e-02
2.814136352421063580e-02
2.814619409789579155e-02
2.813502387341193858e-02
2.814956928526590393e-02
2.813603191228774766e-02
2.814988671229749773e-02
2.815109620576059998e-02
2.814040623953004139e-02
2.810795345491150232e-02
2.815863098013643775e-02
2.820969020288857654e-02
2.810407756023561299e-02
2.815980496617035561e-02
2.818665838951198502e-02
2.814363244673672923e-02
2.815406324049293460e-02
2.821393362987463863e-02
2.816902858855649394e-02
2.821333021510047737e-02
2.821081781430398103e-02
2.818966086158152320e-02
2.815239526013232560e-02
2.809594254495189833e-02
2.802873442277440882e-02
2.811164228803914727e-02
2.814142578945435721e-02
2.812386743401389111e-02
2.803269867567293946e-02
2.824987062037157687e-02
2.818170981752234072e-02
2.815747533842473047e-02
2.814973160287474047e-02
2.818714450759247231e-02
2.816582782838053522e-02
2.820535228295900990e-02
2.824241650633242326e-02
2.820395738384784065e-02
2.825503540517821169e-02
2.817985441837854779e-02
2.806337783001166750e-02
2.816241460616579137e-02
2.816622990549280670e-02
2.818264544010244677e-02
2.816480839449450255e-02
2.820585295565296302e-02
2.822615114590785318e-02
2.822434914278401999e-02
2.819564600210686806e-02
2.820596905124985940e-02
2.822807017349738060e-02
2.824221921559731674e-02
2.824321205882167687e-02
2.826656250185979533e-02
2.820239845317569494e-02
2.831280905130708486e-02
2.821377483787283758e-02
2.818121062222150169e-02
2.816929635187931033e-02
2.827805467722199068e-02
2.826867496609276886e-02
2.820165123854852240e-02
2.829866271188336696e-02
2.828361382482915201e-02
2.820163457582442260e-02
2.821628378841659068e-02
2.829083026965599490e-02
2.823510767280188252e-02
2.827385484813527833e-02
2.827364387850472491e-02
2.826594683256019799e-02
2.822367825456645329e-02
2.821703620630636178e-02
2.810771268165747697e-02
2.817424935649457535e-02
2.823791498174806416e-02
2.822265784802811470e-02
2.813077871103287705e-02
2.834136688675817708e-02
2.826212431437195513e-02
2.824095627657089227e-02
2.827585460734750519e-02
2.826146027981040615e-02
2.829576509342246818e-02
2.830417189166932468e-02
2.831106142481792237e-02
2.830332690938744053e-02
2.831581589263199722e-02
2.833852794108379647e-02
2.828919162945786603e-02
2.832382246938271175e-02
2.829741356057148896e-02
2.831607708358987660e-02
2.832958637500667190e-02
2.831972671835559369e-02
2.839592829330494367e-02
2.837003199570977893e-02
2.829246621598682440e-02
2.832103180276071552e-02
2.835426858809584824e-02
2.829772712261763648e-02
2.833031447052151638e-02
2.834921735493840453e-02
2.828818194151458409e-02
2.835345228680999016e-02
2.834772933298419784e-02
2.826822722659328921e-02
2.825946225856587612e-02
2.832384388777605885e-02
2.836303018091092948e-02
2.823350747226406263e-02
2.838294204954757219e-02
2.835255363921027755e-02
2.828114676313298048e-02
2.834570572780122782e-02
2.835346257981139276e-02
2.834263542099361294e-02
2.835699270351903917e-02
2.837062934459876756e-02
2.832494493589000559e-02
2.833982556706036646e-02
2.835800794946369621e-02
2.823519230650902226e-02
2.829011221434515541e-02
2.834848025918767014e-02
2.832324730599856955e-02
2.834492193135053351e-02
2.836056710231300848e-02
2.835801017005249239e-02
2.837595500933800044e-02
2.839761371525591910e-02
2.832307740433495993e-02
2.838323031701042026e-02
2.837267758303927551e-02
2.838901478214495011e-02
2.841612381770604670e-02
2.839185070218308571e-02
2.835014036925965000e-02
2.842098854834990140e-02
2.834998228074323001e-02
2.841221690538438607e-02
2.843591606346752496e-02
2.834947662374522059e-02
2.834040961931983543e-02
2.840059746211892958e-02
2.843265472791238480e-02
2.834838610111402660e-02
2.835719622315596017e-02
2.843496803578479323e-02
2.839605675134412172e-02
2.842538023025982519e-02
2.845196128513164530e-02
2.838089170492674382e-02
2.837739446398978085e-02
2.846162906958396230e-02
2.837208230559121191e-02
2.838692163618990183e-02
2.846900411142436194e-02
2.844635534852530193e-02
2.835435234819580139e-02
2.844520691844190305e-02
2.849151136279434032e-02
2.839960758372026342e-02
2.845017527824608705e-02
2.843141648909411692e-02
2.844934276900230180e-02
2.847569241636812090e-02
2.852443076194889279e-02
2.845743079728122252e-02
2.847630880032983244e-02
2.849412342994333755e-02
2.843146743903554596e-02
2.844548707676547439e-02
2.846847803147413425e-02
2.844181600898972040e-02
2.848530386112767612e-02
2.842973095076863424e-02
2.849604633921021604e-02
2.846755314065419970e-02
2.846425087271248905e-02
2.844888535042212896e-02
2.852656574816358689e-02
2.846878422126368838e-02
2.851723022148938691e-02
2.849666576382470923e-02
2.852917433267864594e-02
2.848870791133560620e-02
2.854499089156458530e-02
2.844129802188887293e-02
2.853783040205706487e-02
2.853409255353635612e-02
2.854239901681020208e-02
2.846082285018499206e-02
2.860689412423197617e-02
2.855908638527388660e-02
2.853923505519153497e-02
2.851045673043994810e-02
2.858637862674921065e-02
2.855686870830841106e-02
2.861186018433395026e-02
2.856449299271979561e-02
2.861231861538691620e-02
2.857422224217502291e-02
2.865290840891555543e-02
2.842206937775108855e-02
2.849290018731364532e-02
2.856910249882842895e-02
2.855841049149255087e-02
2.853351547822417442e-02
2.864901495465676032e-02
2.860632640711860755e-02
2.854619019618564318e-02
2.858755996048445089e-02
2.861117016001239743e-02
2.858699935528454666e-02
2.862776928157598905e-02
2.858342785482591297e-02
2.868444204155630450e-02
2.861490975617909591e-02
2.863909042124376456e-02
2.860975911498644941e-02
2.860164920211567124e-02
2.853756475681040738e-02
2.862817243334213335e-02
2.861917134721622333e-02
2.862362013987074238e-02
2.862942383847892625e-02
2.866379488841034467e-02
2.856740194261295218e-02
2.862908115434367046e-02
2.864558552519616552e-02
2.863577016167880018e-02
2.863033158236886339e-02
2.867420041657460505e-02
2.862612859733698265e-02
2.866992431299935154e-02
2.872096530310703014e-02
2.852856043909142436e-02
2.857037327074205685e-02
2.867011787443923473e-02
2.856724171358884790e-02
2.857509848147175152e-02
2.866214664778789223e-02
2.870042519591736035e-02
2.860216817194749517e-02
2.873543596575685311e-02
2.863683048426981723e-02
2.870839984989108709e-02
2.867364245388294777e-02
2.872283864342709339e-02
2.863191906785646570e-02
2.869871643710178791e-02
2.872590696933885468e-02
2.860287463603945757e-02
2.866658178424906153e-02
2.871976305912464847e-02
2.868970033847717191e-02
2.881260101562387738e-02
2.870095947826445740e-02
2.873889066076612542e-02
2.871934177070983515e-02
2.870504099025808845e-02
2.868896935391489905e-02
2.874651179635913031e-02
2.876220230317132892e-02
2.873811143715316804e-02
2.876291120358589679e-02
2.878138409833081932e-02
2.869926641933608080e-02
2.873650107791885303e-02
2.867301292602885895e-02
2.872561130175825539e-02
2.877523530565908455e-02
2.877353485518456891e-02
2.869872640761146620e-02
2.882017149247782448e-02
2.880083214621450768e-02
2.872943090956503812e-02
2.873346596720437532e-02
2.885686653120255601e-02
2.879400468707965510e-02
2.880108227121903550e-02
2.883222915075310880e-02
2.884039912492831342e-02
2.875394688595056189e-02
2.884261178475535509e-02
2.862599609132371326e-02
2.875174774238038744e-02
2.874752042205383495e-02
2.876734196855911321e-02
2.869621719113681427e-02
2.881391665784496792e-02
2.881939241227237172e-02
2.877659182356054682e-02
2.878486495831607955e-02
2.876066241103511847e-02
2.879152361991984058e-02
2.878258708727962287e-02
2.880266612417145891e-02
2.880989883786399391e-02
2.880283675621938058e-02
2.884829095046280781e-02
2.869335193009249149e-02
2.876857510718738853e-02
2.876626163640513822e-02
2.879791217407296280e-02
2.879681886225015502e-02
2.884895422986788818e-02
2.888717814246051160e-02
2.884340500664620346e-02
2.878679498307567045e-02
2.884282496625613021e-02
2.885915245391364875e-02
2.883313852009646711e-02
2.885036252242908356e-02
2.891124922294173102e-02
2.892060061490723394e-02
2.891159524265045008e-02
2.896058151413062609e-02
2.881103571681533498e-02
2.884723809955358487e-02
2.889966223039996604e-02
2.888380204620589337e-02
2.881362534727711575e-02
2.896743542204749736e-02
2.895641926087701157e-02
2.892557224874061847e-02
2.892390134398029750e-02
2.899313833100082907e-02
2.895210307287698903e-02
2.896206685234266331e-02
2.894949681876748948e-02
2.898926158634889533e-02
2.891088721799544778e-02
2.899594062557962065e-02
2.883567347446194112e-02
2.891702644612057643e-02
2.894870725926609184e-02
2.897981147125752027e-02
2.888142757748556749e-02
2.895783672325201105e-02
2.895830943305398308e-02
2.892744368063328297e-02
2.890060941594078600e-02
2.894486799535785429e-02
2.893544537095648489e-02
2.896822964167270961e-02
2.897007504138124703e-02
2.898096185764945792e-02
2.894228093606782820e-02
2.893790164514149429e-02
2.895999479209191221e-02
2.893460841071643017e-02
2.893947015530376823e-02
2.899772294912905321e-02
2.900799033833028132e-02
2.893598813165310438e-02
2.903742808011625098e-02
2.905317849576937242e-02
2.898332383781077395e-02
2.897125096992497414e-02
2.907110025501917841e-02
2.900967887923453642e-02
2.902273919040024297e-02
2.908093011113684068e-02
2.905458680471867741e-02
2.897946106000824640e-02
2.911255411135768578e-02
2.899068055706592595e-02
2.903585048922996403e-02
2.907263877145228187e-02
2.911168110240016510e-02
2.896336907556248258e-02
2.913364325669898225e-02
2.910079454971825630e-02
2.906707660356096928e-02
2.911972006349571040e-02
2.912625766808564151e-02
2.911565106536734282e-02
2.915034354881309436e-02
2.919248114571727434e-02
2.920075692549345403e-02
2.925224881513019057e-02
2.921838358927734622e-02
2.914840114590507014e-02
2.934073510133138746e-02
2.942832053059232789e-02
2.966309157707998703e-02
2.986338412268127115e-02
3.026631780824671700e-02
3.100229427104489802e-02
3.214314090672145546e-02
3.398570122146195999e-02
3.686385939811478996e-02
4.139215749000029615e-02
4.824269398160239974e-02
5.820885342674233381e-02
7.242643738255237496e-02
9.252776283067709606e-02
1.213814183151865345e-01
1.637963732369738523e-01
2.540842962069462807e-01
