7.680171255617775916e-01
8.553490922228800253e-01
8.953157971388038261e-01
9.227115973217719924e-01
9.422817034927666313e-01
9.564771848694798573e-01
9.671546834853368413e-01
9.751677541209153866e-01
9.811794570224265932e-01
9.856933654403050582e-01
9.891060449165831603e-01
9.915640684398190352e-01
9.933938778214216336e-01
9.948397157231630983e-01
9.958580700241549399e-01
9.965747727137581613e-01
9.970915978851285777e-01
9.977129378077391753e-01
9.979670163119810367e-01
9.981500497267363770e-01
9.982130095202442766e-01
9.985200880677559399e-01
9.986825519374595839e-01
9.988307951776554949e-01
9.988875395804088786e-01
9.988361433042330928e-01
9.989105413027548064e-01
9.989741436039796252e-01
9.989209265389484838e-01
9.988642401733264231e-01
9.987760649675976321e-01
9.990238356382207252e-01
9.987661671954909393e-01
9.989680726429205349e-01
9.988486864921334307e-01
9.988950127143564339e-01
9.988270536206751427e-01
9.989004417523185131e-01
9.988509993972617407e-01
9.990110364973769919e-01
9.989677248506944052e-01
9.989602539089417199e-01
9.990163445575005463e-01
9.991214614300069075e-01
9.989950321931011512e-01
9.988986586770377540e-01
9.988975439280374236e-01
9.990117285839874572e-01
9.988459922666058644e-01
9.989132017162857258e-01
9.989543818587575119e-01
9.990011425859773864e-01
9.989178063809909247e-01
9.989711031425816401e-01
9.987000407720245665e-01
9.990146305611009581e-01
9.990605327152494164e-01
9.990979856207055088e-01
9.990359885001117712e-01
9.990863437332657693e-01
9.990545927002731919e-01
9.990888824427660575e-01
9.990222329386000411e-01
9.990928297695507165e-01
9.987182150147941861e-01
9.989077283729653756e-01
9.990338618520364644e-01
9.990768644634006046e-01
9.989534642496616934e-01
9.989169565508186910e-01
9.987619063951783671e-01
9.989999531200639549e-01
9.990503256146342492e-01
9.990881391888216667e-01
9.990001099953315089e-01
9.990991244656994841e-01
9.990937734381296620e-01
9.991224443473083472e-01
9.990176965474120152e-01
9.989886890319664703e-01
9.988421909979189328e-01
9.989441662932065924e-01
9.988696110545620677e-01
9.989910324493136429e-01
9.988741338099158540e-01
9.989980445371909878e-01
9.990370221043339827e-01
9.988604771563500684e-01
9.989978130614769469e-01
9.990905245957427683e-01
9.990778390775882922e-01
9.991289929594728836e-01
9.991467426262001794e-01
9.990871468406753442e-01
9.989731736393920869e-01
9.990451153377369886e-01
9.990463222069030369e-01
9.989419212124035496e-01
9.988910209313629496e-01
9.990658740708390217e-01
9.990553704717720640e-01
9.990074694608495065e-01
9.988154782237869123e-01
9.990244815664336420e-01
9.991280924668765051e-01
9.991758891548330190e-01
9.991237356317479446e-01
9.991470177582604251e-01
9.991844310953199582e-01
9.991752975899937939e-01
9.991082167024372129e-01
9.990748913806046794e-01
9.989895162353839009e-01
9.989680517679755400e-01
9.989391316496754047e-01
9.990995273013709710e-01
9.990395622109490281e-01
9.989803262479493018e-01
9.987820302542707029e-01
9.991544344440096426e-01
9.991748905169326456e-01
9.992519900881194905e-01
9.991667248205262641e-01
9.991817344814770685e-01
9.991950513134002509e-01
9.992677804961005439e-01
9.991699232813294751e-01
9.991116226562724023e-01
9.990364306104623227e-01
9.990919710716678059e-01
9.991891538259198846e-01
9.990268097067592779e-01
9.990578535144064576e-01
9.991067974513725414e-01
9.991723402825922751e-01
9.989477954967482809e-01
9.989707500304970678e-01
9.991803010533183427e-01
9.991884054196906728e-01
9.991817743811235442e-01
9.991935237177747009e-01
9.992736885447486284e-01
9.991563142201114189e-01
9.990915237428779072e-01
9.991173245087816568e-01
9.990666994712699145e-01
9.990448481078049170e-01
9.992243080288465418e-01
9.991437899055950478e-01
9.991438064276406683e-01
9.990505020975931627e-01
9.989604074102490516e-01
9.990912375584862781e-01
9.992024288536442977e-01
9.992423525736764400e-01
9.992309769430502975e-01
9.992213777311097500e-01
9.992648990566707079e-01
9.992619966386278030e-01
9.992425228977774854e-01
9.991436416740866466e-01
9.991459974689206325e-01
9.991017642926340869e-01
9.991752312545304493e-01
9.990615818027034356e-01
9.991362306895226197e-01
9.990527533441352359e-01
9.990147158238351643e-01
9.991452284037557474e-01
9.991458492521020363e-01
9.992181907517843076e-01
9.992201452654446703e-01
9.992360498783542377e-01
9.993307920005365386e-01
9.993050911977543471e-01
9.992625198812484788e-01
9.991180886077558609e-01
9.992055211582195895e-01
9.991761714448298415e-01
9.992019480272150700e-01
9.990942916988035938e-01
9.992249257686994790e-01
9.992161230325974364e-01
9.991821339883999453e-01
9.991454946727842401e-01
9.990590706040106683e-01
9.991602257018538102e-01
9.992600735637826581e-01
9.992976495792317282e-01
9.992763636655442872e-01
9.993301031657513267e-01
9.992573043111400155e-01
9.992303856517111837e-01
9.992464523932662601e-01
9.992146426518633273e-01
9.992024323293683397e-01
9.990525667192012849e-01
9.991972873476785422e-01
9.992246863850657856e-01
9.991385990265613248e-01
9.990574337376945113e-01
9.992298251253081132e-01
9.992680988474368364e-01
9.993213567201971737e-01
9.993279536033868871e-01
9.992950081669660367e-01
9.993659281415583351e-01
9.993516806424503907e-01
9.993526851208311967e-01
9.992224984825323064e-01
9.991974866327558713e-01
9.991546503580182037e-01
9.991810014040338750e-01
9.992483792932410624e-01
9.992417112649366606e-01
9.992481784968169078e-01
9.993593802543661031e-01
9.991999843217339583e-01
9.991884021350456724e-01
9.992636266371629494e-01
9.993513178001878217e-01
9.993193017066983597e-01
9.993594111162087401e-01
9.993809072267829663e-01
9.993374057601294158e-01
9.992396843148788621e-01
9.992746963340795041e-01
9.991827962576655953e-01
9.991811108904657956e-01
9.991541599011453112e-01
9.993415025288919784e-01
9.992905191003409460e-01
9.992589710575825457e-01
9.993185450439945328e-01
9.993114961649237626e-01
9.993023929626529966e-01
9.993836041468143749e-01
9.993983390779662690e-01
9.993644789315072607e-01
9.993909045388050805e-01
9.994454697370096508e-01
9.993774379582578415e-01
9.993164271119832076e-01
9.993011945824045172e-01
9.991787311390479820e-01
9.992258431314919864e-01
9.993566301319934952e-01
9.993700660461770635e-01
9.992735656766958963e-01
9.992654987585828374e-01
9.993720006616549911e-01
9.992636765221022399e-01
9.993821600077057443e-01
9.994069247715734461e-01
9.994270169908875401e-01
9.994505816296372913e-01
9.994749656740249399e-01
9.994057586033334717e-01
9.992798417852912785e-01
9.992472717723092090e-01
9.993568822016678510e-01
9.993599669585803147e-01
9.993550023926741632e-01
9.994024098477233276e-01
9.993851042940889995e-01
9.993970842916416464e-01
9.993263443347534247e-01
9.992111695248400149e-01
9.993860141988688550e-01
9.994733854499981973e-01
9.994698000899765455e-01
9.994569512154812818e-01
9.994687460262607903e-01
9.994618478779455639e-01
9.994282777702563347e-01
9.994262849966413231e-01
9.994128080312041362e-01
9.992556751082377620e-01
9.993651978768920419e-01
9.994540617278022676e-01
9.994311254645681375e-01
9.993904261493075092e-01
9.991674417931295515e-01
9.992799236435767618e-01
9.994172560631617852e-01
9.994843064039942160e-01
9.994975281747932039e-01
9.994606689176982472e-01
9.994994790472423452e-01
9.995278087287050583e-01
9.994577824064224680e-01
9.994241574996675093e-01
9.993756487587268644e-01
9.993218366894757176e-01
9.992971221372262125e-01
9.993578810967475023e-01
9.993925004595015649e-01
9.993815859447432448e-01
9.992144891825573971e-01
9.993063378630737681e-01
9.992933393629962469e-01
9.994246374013988632e-01
9.994285419478069477e-01
9.994636517359525296e-01
9.994973585857219733e-01
9.995522306232330623e-01
9.994469560403641539e-01
9.993731620666670423e-01
9.993657100609242283e-01
9.995942745163478582e-01
9.992671805103598981e-01
9.992273986674111708e-01
9.994000067341469729e-01
9.994019198498510503e-01
9.993448096468253716e-01
9.990812459581549509e-01
9.993509013649615191e-01
9.995335228267673289e-01
9.995269406228616260e-01
9.995425854556568845e-01
9.994426888280437682e-01
9.995692932352449045e-01
9.995179052072278303e-01
9.994903738276369465e-01
9.994220639885744717e-01
9.994283122473002212e-01
9.992524009152369269e-01
9.994074078784705994e-01
9.993749997484764336e-01
9.994101022882364571e-01
9.993259038171543596e-01
9.992868600965906234e-01
9.993683449028194499e-01
9.994585161006422913e-01
9.995016817361307426e-01
9.995347968291763419e-01
9.994627350377646158e-01
9.995697867038090267e-01
9.995675008755245949e-01
9.995862204281953378e-01
9.994338805690921035e-01
9.994647865562859002e-01
9.994289876148300111e-01
9.994470185033372811e-01
9.992896437508864693e-01
9.994245987533573183e-01
9.993515628640834425e-01
9.993855115545908774e-01
9.992412609468510620e-01
9.994496853675918224e-01
9.994876532052714424e-01
9.995689402097672760e-01
9.995316509389113868e-01
9.995889889261483363e-01
9.995723869093448011e-01
9.995661681072832705e-01
9.994552218547353428e-01
9.995386638143078928e-01
9.994840285258721480e-01
9.994203387450616427e-01
9.994394424492873963e-01
9.995152830457526560e-01
9.994415732381168871e-01
9.994356336671080809e-01
9.993163141466020472e-01
9.993457756059827002e-01
9.995235906922744773e-01
9.995991450938178646e-01
9.995496051195206233e-01
9.995724102816343493e-01
9.995729444585760293e-01
9.996671547604709662e-01
9.995123803847068000e-01
9.995201415244248100e-01
9.993737032304547130e-01
9.994539537096275295e-01
9.994145679632212564e-01
9.995421156429172838e-01
9.994354053343985633e-01
9.994335036671793127e-01
9.993549195202091617e-01
9.995294206252403058e-01
9.994408061112675101e-01
9.996006184713578380e-01
9.995266155059984170e-01
9.995981002735653265e-01
9.995804563450766400e-01
9.996942519973290864e-01
9.995717490826907525e-01
9.995029010611155007e-01
9.994613274012045245e-01
9.995491340452793416e-01
9.993808938616307591e-01
9.994545282716441603e-01
9.994864340050558793e-01
9.995588465501741293e-01
9.994949839666347202e-01
9.994024141624822111e-01
9.993974602263098195e-01
9.995170296207082083e-01
9.995258637256834167e-01
9.996581036828656730e-01
9.995582835842622416e-01
9.996436918744263656e-01
9.995689295557681486e-01
9.995645766229701579e-01
9.994773273820324322e-01
9.995005674145754915e-01
9.993306485487843949e-01
9.995218483953978161e-01
9.995055505482078884e-01
9.995527514541810987e-01
9.994689731643658925e-01
9.994527396640846550e-01
9.994872398875591646e-01
9.995743234809910671e-01
9.995996813554959282e-01
9.996622493555119560e-01
9.995962060199174992e-01
9.997113858367631112e-01
9.996210296406045082e-01
9.996483261773356777e-01
9.994604654977542468e-01
9.994855979765404630e-01
9.994409993721329322e-01
9.996089091656499281e-01
9.995590045056190753e-01
9.995829358764265482e-01
9.994716138130678162e-01
9.995128158931535500e-01
9.995565032256219506e-01
9.995179935118313486e-01
9.996097476924737935e-01
9.996050734671810822e-01
9.996166837721928156e-01
9.996665870671445076e-01
9.996810428619682387e-01
9.996075703440743254e-01
9.994739849931285613e-01
9.995452375532971612e-01
9.994638270660518575e-01
9.996110404381671755e-01
9.993992005491431074e-01
9.995998132285276450e-01
9.995501659453331911e-01
9.994721341932345515e-01
9.995923187637812957e-01
9.995046654732602232e-01
9.995530143092854480e-01
9.996500045026109893e-01
9.996521417543532406e-01
9.996338484281059866e-01
9.996236421736784949e-01
9.996912496641410240e-01
9.995751001888623088e-01
9.995422695490981946e-01
9.995080745490219076e-01
9.995424065325613228e-01
9.994613899669871904e-01
9.995511699834511710e-01
9.995159478120846375e-01
9.994558908614958881e-01
9.994349480444950640e-01
9.995594285727275041e-01
9.995393038314671630e-01
9.996290018015501211e-01
9.995958618449894972e-01
9.996121729050668758e-01
9.996675845170494012e-01
9.997177382730789708e-01
9.996352096970765322e-01
9.995189959837269544e-01
9.994636752152841197e-01
9.995822359443444771e-01
9.996782608626786359e-01
9.994498273940048971e-01
9.995518402918862622e-01
9.995690480279824097e-01
9.995244653647028521e-01
9.995272052008856711e-01
9.994273682138348214e-01
9.996415211011409063e-01
9.996583345096078377e-01
9.997418591243998343e-01
9.996888059243066449e-01
9.997374198745481166e-01
9.996517769636711348e-01
9.996628981997196517e-01
9.996017444803185770e-01
9.996230899890760080e-01
9.995082341835311857e-01
9.995149365270610264e-01
9.995625645688921423e-01
9.996439561996725010e-01
9.995256695428040850e-01
9.994516370347460432e-01
9.996026899608271288e-01
9.996563794856387908e-01
9.996443574801364695e-01
9.997303095441563148e-01
9.996254917942832829e-01
9.997645294147089468e-01
9.997199599905121081e-01
9.997949908190280066e-01
9.996298505314895610e-01
9.996675119735730641e-01
9.996358607361689463e-01
9.996343446599742499e-01
9.995135051666091952e-01
9.996332198800428337e-01
9.995556008409600679e-01
9.995527404490824885e-01
9.994637421425435209e-01
9.995858687655926333e-01
9.996542938744303886e-01
9.997280266338198773e-01
9.996803499346111899e-01
9.997855760185323515e-01
9.997007376489041031e-01
9.997437987449619978e-01
9.995651683759945172e-01
9.995929353153508723e-01
9.996202084377553421e-01
9.996412309341768943e-01
9.995647217371842475e-01
9.996887160738952005e-01
9.996704484659901802e-01
9.996665672426694460e-01
9.994096548752592346e-01
9.995816122486701483e-01
9.996062777690615242e-01
9.997088406989734777e-01
9.996914239525807044e-01
9.997055038859541387e-01
9.997135480621368586e-01
9.997550992434814932e-01
9.997187935579165963e-01
9.996814981994598392e-01
9.996344442814052433e-01
9.994412844877841318e-01
9.995462477441963145e-01
9.997150492190028936e-01
9.996698595064459347e-01
9.996387486990966353e-01
9.995203484652371850e-01
9.997544616429731024e-01
9.995989821472340831e-01
9.997489341950513975e-01
9.997285667501191186e-01
9.997532619829353484e-01
9.997607532593308921e-01
9.998158344407563902e-01
9.997453409634091681e-01
9.996744516376887546e-01
9.995811585540577138e-01
9.996562028246774867e-01
9.996856170379584405e-01
9.996293083778007293e-01
9.996611935803052518e-01
9.996208602328269244e-01
9.997303860812524201e-01
9.996081131828552513e-01
9.996039054900124343e-01
9.997678186328015082e-01
9.997489438174612664e-01
9.997616432718701152e-01
9.998009458621824885e-01
9.998260998963185431e-01
9.997767532878949481e-01
9.997197470997243318e-01
9.997034590505350371e-01
9.997205447356940500e-01
9.995321361549144301e-01
9.995989477790661049e-01
9.997288525042183904e-01
9.997037839945667193e-01
9.996861239869705429e-01
9.995785860621066998e-01
9.996227655700421488e-01
9.997565955345472100e-01
9.997469662730238404e-01
9.998215987280514305e-01
9.997466010093909450e-01
9.998220419488524913e-01
9.998026876952889053e-01
9.997853320621733486e-01
9.997085207540127305e-01
9.997043968160786998e-01
9.996122626718413340e-01
9.994911810585137557e-01
9.996414481993356471e-01
9.996695702767003366e-01
9.995930696704052876e-01
9.994313710301193643e-01
9.995839089721731963e-01
9.996747534722338902e-01
9.996980040606273654e-01
9.997418644880839977e-01
9.997083564134331413e-01
9.997828288108754347e-01
9.997912716261700972e-01
9.997624021292140784e-01
9.995988060486949989e-01
9.995824147327163622e-01
9.998051168020603008e-01
9.996636276285167932e-01
9.995701368375873308e-01
9.996508507838909319e-01
9.996658668096958245e-01
9.996099584276069150e-01
9.994867097265287548e-01
9.996653877658142617e-01
9.996788808009143823e-01
9.997039102509127639e-01
9.997758179997408012e-01
9.997303752657641374e-01
9.997448074119769101e-01
9.997341197582845229e-01
9.996851913855586691e-01
9.996664070512550904e-01
9.996329913070368667e-01
9.995423810275905208e-01
9.996417426892167946e-01
9.996437828910693657e-01
9.996923235390789975e-01
9.996871163801093196e-01
9.994756315996018436e-01
9.995701959227820677e-01
9.997119489366338430e-01
9.997927406418083418e-01
9.997532926162266964e-01
9.997400659706462411e-01
9.998369968770119964e-01
9.998396594868368403e-01
9.998030202668564126e-01
9.996947484138396511e-01
9.996600985119142857e-01
9.996933238155233381e-01
9.997292450232786454e-01
9.996732460086520389e-01
9.996846446514212614e-01
9.996415554100047673e-01
9.996861531133141021e-01
9.997370655611440560e-01
9.996594843868658042e-01
9.998616636203021546e-01
9.997747513306792788e-01
9.998432862011000788e-01
9.998384169581761016e-01
9.999321724677280310e-01
9.998190980858695509e-01
9.997796444615865141e-01
9.997609036350805223e-01
9.997997277028858321e-01
9.998514905456399315e-01
9.995086273250347597e-01
9.997769276656793824e-01
9.997602616552544452e-01
9.997089939201514452e-01
9.998509535027371165e-01
9.996586651481628172e-01
9.998245099603009223e-01
9.998261434735243869e-01
9.998783577946237511e-01
9.998559976111991432e-01
9.998956986803450020e-01
9.998891286376053733e-01
9.998315549615472975e-01
9.998268454976295683e-01
9.997807063459523969e-01
9.996805765565167645e-01
9.997008059275547254e-01
9.997997141983432368e-01
9.998296195252753815e-01
9.997032241731309554e-01
9.996787967897668992e-01
9.997017034103680144e-01
9.997781838660543263e-01
9.998097691592339187e-01
9.998790163115887086e-01
9.998461582192432751e-01
9.999273040651616151e-01
9.999162209606671237e-01
9.998358891943948112e-01
9.997431564865423281e-01
9.997499759299786071e-01
9.998285403176174757e-01
9.998467976615345032e-01
9.996272261460683595e-01
9.997867668596190915e-01
9.997763059128633722e-01
9.998259255488272101e-01
9.996848262119412132e-01
9.996682750773790982e-01
9.998068346242034998e-01
9.998834507155878182e-01
9.998762428986438522e-01
9.999291504847467316e-01
9.999512081950682196e-01
9.999064438723024306e-01
9.997840348421669354e-01
9.998467368504113661e-01
9.997911960847603030e-01
9.996503964517780005e-01
9.998802090354023120e-01
9.999212659728939911e-01
9.998445945933266410e-01
9.998224983429629953e-01
9.996747437033837169e-01
9.998985559770962039e-01
9.998618093837989829e-01
9.999369911829630864e-01
9.999379790716989014e-01
9.999035228968885525e-01
9.999511255688702249e-01
9.999641377114630858e-01
9.999139096562449369e-01
9.998358431571963134e-01
9.997811972365485689e-01
9.997111888620613396e-01
9.998048116559872245e-01
9.999088938960016826e-01
9.998539391001239895e-01
9.998261015556398901e-01
9.997750864434202800e-01
9.998914847447436527e-01
9.998562380490698676e-01
9.999502641035913353e-01
9.999372090006670710e-01
9.999243800756231204e-01
9.999692218551119449e-01
9.999513994599154021e-01
9.999887741006945330e-01
9.998378368214756451e-01
9.998287471968057005e-01
9.999949666664310621e-01
9.997437954781290825e-01
9.997227398590012859e-01
9.998160987601705241e-01
9.998772362800866231e-01
9.997667698886367749e-01
9.996261578029349559e-01
9.998744050825096874e-01
9.999615728261037617e-01
9.999635469216580086e-01
9.999814844360213062e-01
9.999842455868847013e-01
9.999614995575721865e-01
9.999821716512911074e-01
9.998979102798714047e-01
9.998978770050799270e-01
9.998153933400616422e-01
9.997482408203429705e-01
9.997784967905990472e-01
9.998402775863926006e-01
9.998616724007768353e-01
9.997683934205006118e-01
9.996408535184049260e-01
9.999196689360352330e-01
9.998616366617919526e-01
9.999779441016941606e-01
9.999380467913232540e-01
9.999253292148122529e-01
9.999967337047120930e-01
9.999933558167867220e-01
9.999669412733139806e-01
9.998734543491448745e-01
9.998389398763005698e-01
9.998273264055057563e-01
9.997608361041396829e-01
9.998042524123752495e-01
9.998616216822594494e-01
9.998766260497218283e-01
9.998192662374461026e-01
9.997452507709980729e-01
9.997872559475097232e-01
9.999611770461880322e-01
9.999471021459881426e-01
1.000013120280292656e+00
1.000031448626784281e+00
1.000043793915212254e+00
9.999727823512135627e-01
9.999413841381565859e-01
9.999193542541551238e-01
9.999842397014943041e-01
9.997144742549444185e-01
9.997941112989099377e-01
9.998771244217566911e-01
9.998730133160244060e-01
9.998492692741125509e-01
9.996959122167422551e-01
9.998859012707896898e-01
9.999175867004329588e-01
9.999728343009265386e-01
9.999945163658959801e-01
9.999494517627554035e-01
1.000019116099791994e+00
1.000008860272147970e+00
9.999514613868838442e-01
9.999020129686642111e-01
9.998427889446522832e-01
9.997490136762053892e-01
9.999149654310903745e-01
9.999671691870198886e-01
9.999217614022960499e-01
9.998722590464833582e-01
9.998956713188998924e-01
9.998929696804481626e-01
9.998459603368220483e-01
9.999591287986164811e-01
1.000000084847413762e+00
9.999741772387329419e-01
1.000050059648335488e+00
1.000081765243607368e+00
1.000040828723158581e+00
9.998724337116572380e-01
9.999025345390569752e-01
9.998837445230194243e-01
9.998968423373975067e-01
9.998462088873807385e-01
9.999089303074391033e-01
9.999567756189607914e-01
9.999425687941199126e-01
9.997283362455777755e-01
1.000018260288748628e+00
9.999208007762114825e-01
9.999794276164203355e-01
1.000021230557663010e+00
9.999991205353384593e-01
1.000016831722712274e+00
1.000037724514395210e+00
9.999655026956156822e-01
9.999263093393472301e-01
9.998943683964287565e-01
9.997948479954772427e-01
9.998852086417957530e-01
1.000006013289708395e+00
9.999791817207185352e-01
9.999164171599850270e-01
9.998626325978183793e-01
9.999361885755833068e-01
9.998952811155288334e-01
1.000039434675425776e+00
1.000014123843449010e+00
1.000048687773397393e+00
1.000075074945967035e+00
1.000085537544449066e+00
1.000014449479475820e+00
9.999706592067153510e-01
9.999319553085455059e-01
9.998898873228667661e-01
9.999812230681389691e-01
9.999326141166071658e-01
9.999576285237751216e-01
9.999376994635311711e-01
1.000039694650446620e+00
9.998827824178737611e-01
9.999437866748476234e-01
1.000043638648913102e+00
1.000006679307597457e+00
1.000072502905961613e+00
1.000070958889833994e+00
1.000119352403567641e+00
1.000039888299768753e+00
9.999495824429820434e-01
9.999821561749694387e-01
1.000012764452061331e+00
9.998733471562684105e-01
9.998430753179192720e-01
1.000062475548364693e+00
1.000014340667827462e+00
9.999331116531940955e-01
9.999752873103818773e-01
9.999621798741206158e-01
1.000004999779989801e+00
1.000037774098380128e+00
1.000087576296450509e+00
1.000057374413165778e+00
1.000125043538347747e+00
1.000087972422826654e+00
1.000026877598112041e+00
9.999819401718634815e-01
9.998924297277184126e-01
1.000003165394409477e+00
9.999230520965384228e-01
1.000019571169356025e+00
1.000010424912180396e+00
9.999528777499283594e-01
9.998477126057565556e-01
9.999513865544344959e-01
1.000037407849769799e+00
1.000118238527921921e+00
1.000095166532300128e+00
1.000092704953221334e+00
1.000169803218855069e+00
1.000168360949981627e+00
1.000105694121997679e+00
1.000053231668742049e+00
1.000002593330486578e+00
1.000083422417058054e+00
1.000076572454182466e+00
9.998771112980698872e-01
9.999564460285655931e-01
9.999642384866822553e-01
9.999644545393604478e-01
9.998857494629950216e-01
1.000034824614706830e+00
1.000152854193476104e+00
1.000110897304221425e+00
1.000144593031376594e+00
1.000168492468991532e+00
1.000188315989134713e+00
1.000086306939996561e+00
1.000089525649749067e+00
1.000070666591416746e+00
1.000109529231400618e+00
9.998100351220250426e-01
9.999681394003903101e-01
1.000083840531506452e+00
1.000070465697259436e+00
9.999784874738789631e-01
9.999989063388492472e-01
9.999798220176144836e-01
1.000112055132161393e+00
1.000091733196843524e+00
1.000172393036578233e+00
1.000116396334145064e+00
1.000208743642312825e+00
1.000169918901117283e+00
1.000181760465032044e+00
1.000072206278048492e+00
1.000107830518699226e+00
9.998523513449387723e-01
1.000149487871290654e+00
9.999549136208174538e-01
1.000070570309073092e+00
9.999601089633340933e-01
9.999245346816844071e-01
9.999649078178833861e-01
1.000114921591671147e+00
1.000118199820701825e+00
1.000163477106266630e+00
1.000121244673053855e+00
1.000228925307566463e+00
1.000168166134891345e+00
1.000176380716851998e+00
1.000002674018637849e+00
1.000068628417866368e+00
9.999711809489439940e-01
1.000019837433799408e+00
9.999111033144589822e-01
1.000104286549588162e+00
1.000081728728443364e+00
1.000084595562275469e+00
9.998634357521208882e-01
1.000052165337293353e+00
1.000059413823800369e+00
1.000150305102956549e+00
1.000123930648339821e+00
1.000179356729476110e+00
1.000125184227997899e+00
1.000216132682824721e+00
1.000087574533528478e+00
1.000146795349110773e+00
1.000058409368640655e+00
9.999976813438529177e-01
9.999008415612687939e-01
1.000040277220922924e+00
1.000018860097904083e+00
1.000044595113393164e+00
9.998584384893507426e-01
1.000033099912261081e+00
1.000055686012761846e+00
1.000229481726481406e+00
1.000114859476773255e+00
1.000212452837413668e+00
1.000135680423591689e+00
1.000231557439920316e+00
1.000091338485394443e+00
1.000098145997253551e+00
9.999339702307090683e-01
1.000097439862544402e+00
9.999285148711540838e-01
1.000096513740171167e+00
1.000071405731423280e+00
1.000087726494151452e+00
1.000039962457716980e+00
9.999143007402983008e-01
1.000037088712193434e+00
1.000199791956113415e+00
1.000117311678465848e+00
1.000166721886982746e+00
1.000106508627673918e+00
1.000231930428898464e+00
1.000085443289902676e+00
1.000081232821285582e+00
1.000027362459499303e+00
1.000051220592354628e+00
1.000010694518506549e+00
1.000151666649902626e+00
1.000030749532707652e+00
1.000044333538169683e+00
9.999730167267326664e-01
9.999337804642528527e-01
9.999088925965415875e-01
1.000127306998735532e+00
1.000136898742421510e+00
1.000183346166339637e+00
1.000145293425494186e+00
1.000190233287273189e+00
1.000187388274168532e+00
1.000171787852909944e+00
1.000094149059346682e+00
1.000102075631850163e+00
9.999449338607672155e-01
1.000102046850323667e+00
1.000072575416217413e+00
1.000079646275201073e+00
1.000003089941106982e+00
9.999210223983004964e-01
1.000130567362464751e+00
1.000009216375779886e+00
1.000159844981044044e+00
1.000127281394083578e+00
1.000155746632287901e+00
1.000218332854625469e+00
1.000239093151376935e+00
1.000177117271948024e+00
1.000067000560794339e+00
1.000048805150077769e+00
1.000087728063447701e+00
9.999106009152679553e-01
1.000131249224346153e+00
1.000074951626030550e+00
1.000147966207663552e+00
9.999507597559519345e-01
1.000086640114476566e+00
9.999999151525862384e-01
1.000121320091500232e+00
1.000116677374589313e+00
1.000225077634531834e+00
1.000103471709568481e+00
1.000239730662123572e+00
1.000161921257392894e+00
1.000197510658844546e+00
1.000100456915020697e+00
1.000177361119933606e+00
9.999391299947695266e-01
1.000130716621878690e+00
1.000060375125449541e+00
1.000101240846261286e+00
1.000084085313234894e+00
9.999690472893358884e-01
9.999230342001029781e-01
1.000085458927945981e+00
1.000049007848853533e+00
1.000194261707401555e+00
1.000082926972720720e+00
1.000239140547058092e+00
1.000166692178650729e+00
1.000203936975283536e+00
1.000063201018573933e+00
1.000126681794464290e+00
9.999215787204284167e-01
1.000007881192978010e+00
1.000013656279355567e+00
1.000118123082012200e+00
1.000026784273454705e+00
1.000066298424397093e+00
1.000015599790832654e+00
1.000075832577394408e+00
1.000106239911913830e+00
1.000164431245190277e+00
1.000147378481744953e+00
1.000236205541503498e+00
1.000203598070311894e+00
1.000199688125879449e+00
1.000066823229621482e+00
1.000126782153994975e+00
1.000099209769562014e+00
1.000134595024165352e+00
9.998447197550042187e-01
1.000088701010568126e+00
1.000091874280050197e+00
1.000072833499711988e+00
1.000026728673254039e+00
1.000007947963718724e+00
1.000097583616871955e+00
1.000151820406808056e+00
1.000174797024834916e+00
1.000149695531495686e+00
1.000241399167367984e+00
1.000223195667747200e+00
1.000178886583535487e+00
1.000111454376945153e+00
1.000041999136286552e+00
1.000110333964540743e+00
1.000114095727158592e+00
1.000077065885557781e+00
1.000103258652885962e+00
1.000084419043222983e+00
1.000068465165899090e+00
1.000085832058429158e+00
1.000122290402513325e+00
1.000207182921529769e+00
1.000234215105266111e+00
1.000179977071187221e+00
1.000278058176926388e+00
1.000247105115231738e+00
1.000237271249641902e+00
1.000064212860340307e+00
1.000105213034269580e+00
1.000195104339429264e+00
1.000031097075458231e+00
1.000048357633212870e+00
1.000131817846143800e+00
1.000079866948301754e+00
1.000057819860120656e+00
1.000058951845004929e+00
1.000156829463114017e+00
1.000224568771575395e+00
1.000235593467709183e+00
1.000225655738953945e+00
1.000304972885624810e+00
1.000288038712322747e+00
1.000250108107554992e+00
1.000206773410710515e+00
1.000210114578174769e+00
1.000262937720180378e+00
9.999525694687474431e-01
9.999969088555805685e-01
1.000230102712051927e+00
1.000124278907609687e+00
1.000129473099835131e+00
1.000085919954451619e+00
1.000067708142469813e+00
1.000192983637292699e+00
1.000241674213139920e+00
1.000259326369954849e+00
1.000300623728560323e+00
1.000272796460883296e+00
1.000331726002724686e+00
1.000225694213513483e+00
1.000233157255414618e+00
1.000171690381716827e+00
1.000181389141761024e+00
1.000136223331770990e+00
1.000110047885507170e+00
1.000135860004360167e+00
1.000105063642948267e+00
1.000115996021470055e+00
1.000158678168158177e+00
1.000074203872395318e+00
1.000217582749073797e+00
1.000225496904843414e+00
1.000205322734569524e+00
1.000251129045684362e+00
1.000292903541186496e+00
1.000226868189900253e+00
1.000170901350803332e+00
1.000180349506808897e+00
1.000149408209795920e+00
9.999446205841705515e-01
1.000032052084857570e+00
1.000172621496460357e+00
1.000149577822634139e+00
1.000171720281591181e+00
9.999874519627931502e-01
1.000039355165114330e+00
1.000147981131157104e+00
1.000202706758179350e+00
1.000234975695284634e+00
1.000194021258433708e+00
1.000224678804132461e+00
1.000195054239705339e+00
1.000163641743257337e+00
1.000115263172700830e+00
1.000041859942155220e+00
1.000062090708778939e+00
1.000075428897409635e+00
1.000206964071548521e+00
1.000146894962288702e+00
1.000114387636072966e+00
9.999894400176450038e-01
1.000114639982442100e+00
1.000135672152390409e+00
1.000220004384516637e+00
1.000217949072909063e+00
1.000139150943781363e+00
1.000250182390620468e+00
1.000249940067478027e+00
1.000211147881923335e+00
1.000096987108407998e+00
9.999990990846558958e-01
1.000040964213782635e+00
1.000204333949981983e+00
1.000080647857769289e+00
1.000117507259608018e+00
1.000086786787053761e+00
9.999661699584644348e-01
9.999989493077280356e-01
1.000033484648448434e+00
1.000192389453825825e+00
1.000139162933733505e+00
1.000171488324694158e+00
1.000197094300402378e+00
1.000270791527881675e+00
1.000157454152099890e+00
1.000115567297325425e+00
1.000084339972821645e+00
1.000059609675669980e+00
1.000032236627330873e+00
1.000079562967033597e+00
1.000157505308643779e+00
1.000148808640485054e+00
1.000079303164502331e+00
1.000025210093498096e+00
1.000093025350499820e+00
1.000222299302517159e+00
1.000230526324753066e+00
1.000232269279630160e+00
1.000180644173060962e+00
1.000250777912092381e+00
1.000258950599934860e+00
1.000210315599546096e+00
1.000140317993977623e+00
1.000086425437438642e+00
1.000134276212348405e+00
1.000190734811349014e+00
1.000067820577375421e+00
1.000119614540552648e+00
1.000047301088636820e+00
9.999529757069373082e-01
1.000114760936820391e+00
1.000117719611338662e+00
1.000215478537667346e+00
1.000195944704196371e+00
1.000196728879239050e+00
1.000227895117297372e+00
1.000272758464666234e+00
1.000231078039576449e+00
1.000111920367598106e+00
1.000099646610752790e+00
1.000177318739123411e+00
1.000086881772934255e+00
1.000030596575104402e+00
1.000177358413756101e+00
1.000119719973004973e+00
1.000103835753043402e+00
1.000094611126250532e+00
1.000056620672969743e+00
1.000154438133289192e+00
1.000194096202008831e+00
1.000232114805124084e+00
1.000242777084363155e+00
1.000285382855008676e+00
1.000248214175097239e+00
1.000211452190619354e+00
1.000195753692184386e+00
1.000147806008199192e+00
1.000174458219097673e+00
1.000027128839375390e+00
1.000163197139547266e+00
1.000133331422665917e+00
1.000100192111975206e+00
1.000102426722523363e+00
1.000124870316280612e+00
1.000245873176017097e+00
1.000249870573977073e+00
1.000302103649175711e+00
1.000254758191545523e+00
1.000319175081366918e+00
1.000323249393395564e+00
1.000278798054807572e+00
1.000180940771915994e+00
1.000148731620764675e+00
1.000090050598281488e+00
1.000284680337121035e+00
1.000156652370874477e+00
1.000180236401239986e+00
1.000184955010897214e+00
1.000098604907016187e+00
1.000138134021517189e+00
1.000216419874162765e+00
1.000246040356628674e+00
1.000303285134406917e+00
1.000255753895474164e+00
1.000346347651376311e+00
1.000333061047052663e+00
1.000307396773422841e+00
1.000205823612001721e+00
1.000191784075092016e+00
1.000179377108881162e+00
1.000074168545531439e+00
1.000153160782720319e+00
1.000221462862203481e+00
1.000207907329128565e+00
1.000118166607213199e+00
1.000223435132161054e+00
1.000231352494112658e+00
1.000272163700346884e+00
1.000313355493202883e+00
1.000326197475688073e+00
1.000327566271541180e+00
1.000357134821543870e+00
1.000314779782631724e+00
1.000319619756608658e+00
1.000218524675162035e+00
1.000244379040173381e+00
1.000164871476916018e+00
1.000210243395517562e+00
1.000187236687541725e+00
1.000198022679343657e+00
1.000156828497816841e+00
1.000164521684006713e+00
1.000243148564118778e+00
1.000141565053026316e+00
1.000275493925406378e+00
1.000236919904864186e+00
1.000235489845095138e+00
1.000268561934830602e+00
1.000317880524978831e+00
1.000238749979699415e+00
1.000144397587676925e+00
1.000131297322865320e+00
1.000104154207588358e+00
1.000209530444176043e+00
1.000182279255068751e+00
1.000207134507308471e+00
1.000213939852263589e+00
1.000202563671053646e+00
1.000107285577283456e+00
1.000021659144640918e+00
1.000259169765243428e+00
1.000241558392585217e+00
1.000275079099550712e+00
1.000266665398760857e+00
1.000318238826722217e+00
1.000235415814102469e+00
1.000213459870353594e+00
1.000178836135560356e+00
1.000177799770624043e+00
1.000000895764520337e+00
1.000098172907484262e+00
1.000193045424440541e+00
1.000189126066296286e+00
1.000132146838161873e+00
1.000064978904304347e+00
9.999559719283941384e-01
1.000205576237582550e+00
1.000213780564306987e+00
1.000291380054095791e+00
1.000234747715923023e+00
1.000313887757394493e+00
1.000278381594790877e+00
1.000251315908980532e+00
1.000177088642796308e+00
1.000201845927289002e+00
1.000069647150647389e+00
1.000108045877055707e+00
1.000086395067798506e+00
1.000190852463999303e+00
1.000081850733002264e+00
1.000117954453528579e+00
1.000072897028639884e+00
1.000188535819500624e+00
1.000162450781728829e+00
1.000321185027657656e+00
1.000208581703989186e+00
1.000335452498294364e+00
1.000274604338923012e+00
1.000284251840380945e+00
1.000097013927924605e+00
1.000189377379280264e+00
1.000059195000676970e+00
1.000016528953174610e+00
9.999822457649935048e-01
1.000217088358702489e+00
1.000109793931605040e+00
1.000162288343019901e+00
9.999143203898368526e-01
1.000213851196237735e+00
1.000175239355242773e+00
1.000308548953465548e+00
1.000220159403667042e+00
1.000243511859029155e+00
1.000237300010266450e+00
1.000301750387073918e+00
1.000185674663456314e+00
1.000213628822326672e+00
1.000142513794677779e+00
1.000132947309452902e+00
1.000093586054977335e+00
1.000196971471565055e+00
1.000044059784706896e+00
1.000112745804920156e+00
9.999103635986325012e-01
1.000235004683846185e+00
1.000160691158162196e+00
1.000324474285266607e+00
1.000264438745562590e+00
1.000296945576532703e+00
1.000273573793043269e+00
1.000350807365082861e+00
1.000242095685212274e+00
1.000234201275506551e+00
1.000114689977095184e+00
1.000148147710095969e+00
1.000263262542448128e+00
1.000092260585408122e+00
1.000067758123292405e+00
1.000168392946950480e+00
1.000164335354149170e+00
1.000137640366704161e+00
1.000129192041105730e+00
1.000270955322301258e+00
1.000232772159647121e+00
1.000250344871611352e+00
1.000282003767404948e+00
1.000336958398486242e+00
1.000233695142076940e+00
1.000223740293625374e+00
1.000193183320424062e+00
1.000228875665474026e+00
9.999605798196913309e-01
1.000259986849415084e+00
1.000182690866989521e+00
1.000249767507223497e+00
1.000123803031488734e+00
1.000076540733428221e+00
1.000014740417970893e+00
1.000308437664117367e+00
1.000267857143297245e+00
1.000315270241644239e+00
1.000263170397176271e+00
1.000342445311427131e+00
1.000280567122514785e+00
1.000304464822361794e+00
1.000186537609310866e+00
1.000152621245183227e+00
1.000227915276220791e+00
1.000200088262372944e+00
1.000199895201226097e+00
1.000237506013295974e+00
1.000132196365060455e+00
1.000073587415783116e+00
1.000208539837078581e+00
1.000234141915828046e+00
1.000348432105617302e+00
1.000292933381205396e+00
1.000317752791229919e+00
1.000346317557496256e+00
1.000440105939612412e+00
1.000321633926518849e+00
1.000254594584683243e+00
1.000188910699823630e+00
1.000319385489651047e+00
1.000177960834877977e+00
1.000198881390751859e+00
1.000287445384218543e+00
1.000274693300097217e+00
1.000263269039287195e+00
1.000201042514895944e+00
1.000105468280284127e+00
1.000282815951557547e+00
1.000306324911066191e+00
1.000347198237178326e+00
1.000292707939065773e+00
1.000359701574961901e+00
1.000316955796603402e+00
1.000276244585282415e+00
1.000220306662729763e+00
1.000128404757010481e+00
1.000202023003089469e+00
1.000190519360749875e+00
1.000312222256527717e+00
1.000241236977279069e+00
1.000197407185945186e+00
1.000060773398234071e+00
1.000245107779746734e+00
1.000278359220849511e+00
1.000311551397497833e+00
1.000283405176851215e+00
1.000286900377459487e+00
1.000333527261367150e+00
1.000377664145228440e+00
1.000240233638748810e+00
1.000211351255578363e+00
1.000083167944119555e+00
1.000299724116375133e+00
1.000224707587976880e+00
1.000280642643174289e+00
1.000187793121037227e+00
1.000218347295614096e+00
1.000118960581687810e+00
1.000312631901128624e+00
1.000164965169417330e+00
1.000288396564473992e+00
1.000305955944742919e+00
1.000307930737731388e+00
1.000365301018461661e+00
1.000365629259971634e+00
1.000301443930730283e+00
1.000228138351778373e+00
1.000216737790453614e+00
1.000196432375383360e+00
1.000124559437803651e+00
1.000206280695799865e+00
1.000287759538018406e+00
1.000351717746242208e+00
1.000320491939356904e+00
1.000069690882487539e+00
1.000110763104572253e+00
1.000281177637035279e+00
1.000283136036160148e+00
1.000316935885313896e+00
1.000292251714987923e+00
1.000352657964391101e+00
1.000357885943515601e+00
1.000295266437107200e+00
1.000229505726212720e+00
1.000244723420967485e+00
1.000075433005258363e+00
1.000191953048728655e+00
1.000205705132507505e+00
1.000206262361716725e+00
1.000120381961367766e+00
1.000098639085843288e+00
1.000115440685984458e+00
1.000250925297514470e+00
1.000315707827771572e+00
1.000314493134247584e+00
1.000341673689438382e+00
1.000380876546203446e+00
1.000414923138707612e+00
1.000361056130684601e+00
1.000250960795863842e+00
1.000345404877541755e+00
1.000386477634107818e+00
1.000000803602729693e+00
1.000058403957168940e+00
1.000172199843641252e+00
1.000147486316840473e+00
1.000197981667224401e+00
1.000131228836360409e+00
1.000114163410998014e+00
1.000279949820659375e+00
1.000284665922534399e+00
1.000322447564873984e+00
1.000321482407735330e+00
1.000373182351238066e+00
1.000341508504476895e+00
1.000317335097191895e+00
1.000358350183353284e+00
1.000359454999085962e+00
9.999778831129380041e-01
1.000122067430885275e+00
1.000188147002511574e+00
1.000200357644087434e+00
1.000158195874615741e+00
1.000155831246108296e+00
1.000034613090192259e+00
1.000295544165280104e+00
1.000343455279177229e+00
1.000345771379331117e+00
1.000326328085325400e+00
1.000339832507032956e+00
1.000363553488912816e+00
1.000294854060868488e+00
1.000267182354205309e+00
1.000224730393775463e+00
1.000256856268463279e+00
1.000138635121448738e+00
1.000208877671203922e+00
1.000254193859036134e+00
1.000226562565325050e+00
1.000144370315752429e+00
1.000230636173809584e+00
1.000112102453486473e+00
1.000277359403717092e+00
1.000281764324905565e+00
1.000290602607950330e+00
1.000343439505580578e+00
1.000352380690075593e+00
1.000272487148577083e+00
1.000161734732557095e+00
1.000165011421310313e+00
1.000308184345538365e+00
1.000103128497902061e+00
1.000216522604845615e+00
1.000276208110128184e+00
1.000247798850520509e+00
1.000148281089556113e+00
1.000171043482758204e+00
1.000126791890329825e+00
1.000272519019023809e+00
1.000349416159900029e+00
1.000362309609085676e+00
1.000327173983861062e+00
1.000385417397279930e+00
1.000338690243967710e+00
1.000331647144193425e+00
1.000241788055365122e+00
1.000274966182089109e+00
1.000123863123444368e+00
1.000290778563877492e+00
1.000274403285650759e+00
1.000269792106124322e+00
1.000224634757128639e+00
1.000136415176767990e+00
1.000225907779753287e+00
1.000301548136912855e+00
1.000342134739865330e+00
1.000349965372064664e+00
1.000305471281637493e+00
1.000348724217802632e+00
1.000370988177496923e+00
1.000329824627723685e+00
1.000195581928214006e+00
1.000154809823982527e+00
1.000107091622318256e+00
1.000219096833629306e+00
1.000222224392866233e+00
1.000290840590635666e+00
1.000233358763195302e+00
1.000166352953303806e+00
1.000174024447784138e+00
1.000174587507542290e+00
1.000233399524348643e+00
1.000306302047443197e+00
1.000294843332999228e+00
1.000325785621289265e+00
1.000321098081826454e+00
1.000292656736450070e+00
1.000165987906806109e+00
1.000217006966741762e+00
1.000155501088962229e+00
1.000200916887608038e+00
1.000151667062253669e+00
1.000198994130741426e+00
1.000211437644286772e+00
1.000177649579603756e+00
1.000075464321043439e+00
1.000172313405785163e+00
1.000232716465571770e+00
1.000267602969177494e+00
1.000249217257292100e+00
1.000243897088486600e+00
1.000294500540557685e+00
1.000329171016163921e+00
1.000292626483070491e+00
1.000191647300641584e+00
1.000181564093693964e+00
1.000113057900101854e+00
1.000103141206850399e+00
1.000144645843337843e+00
1.000151582498276737e+00
1.000129129431136743e+00
1.000108407421690382e+00
1.000054832891519530e+00
1.000127762531127562e+00
1.000255987405229696e+00
1.000243713831648673e+00
1.000229486347063768e+00
1.000252499002465489e+00
1.000309439276267032e+00
1.000226206505501203e+00
1.000170143706229808e+00
1.000130059498034241e+00
1.000201546205111924e+00
1.000093626085995613e+00
1.000165799260726684e+00
1.000198819756166424e+00
1.000199246250341956e+00
1.000176550909636530e+00
1.000194329475203592e+00
9.999916087001260445e-01
1.000194387642633576e+00
1.000253074877198500e+00
1.000235075445908173e+00
1.000271843005722028e+00
1.000291753521796778e+00
1.000202416748920076e+00
1.000216882005870778e+00
1.000165143228600506e+00
1.000173541619952866e+00
9.999174144431909328e-01
1.000239850527949725e+00
1.000196830693220074e+00
1.000154601133079080e+00
1.000104928301739360e+00
1.000123637250355912e+00
1.000096671151274652e+00
1.000180184258248062e+00
1.000249410079566248e+00
1.000246006342493388e+00
1.000222489458095332e+00
1.000285703536496928e+00
1.000293079038076183e+00
1.000246433502776977e+00
1.000168887465933354e+00
1.000145948631049553e+00
1.000070828543426993e+00
1.000145447579062541e+00
1.000114544629149060e+00
1.000150641377675509e+00
1.000094145684052194e+00
1.000133576201154284e+00
1.000148422167886686e+00
1.000129996659423481e+00
1.000214907261675723e+00
1.000247765931673971e+00
1.000215850605397527e+00
1.000307116249589123e+00
1.000330898245173739e+00
1.000217983520112597e+00
1.000153359523657581e+00
1.000166190092849794e+00
1.000127783940249371e+00
1.000057708168141213e+00
1.000041946460326292e+00
1.000180322948574618e+00
1.000160309104214607e+00
1.000073788736769664e+00
1.000057808928168201e+00
1.000225893722805237e+00
1.000230749293798072e+00
1.000296850973747764e+00
1.000277806587717810e+00
1.000257694495326755e+00
1.000269286013558245e+00
1.000299920649866836e+00
1.000217118251599979e+00
1.000204440049872412e+00
1.000150475420619856e+00
1.000244496384266712e+00
1.000091513618171168e+00
1.000186922218866847e+00
1.000126528308927343e+00
1.000150521986711061e+00
9.999570220222755434e-01
1.000068704371414263e+00
1.000151609592690782e+00
1.000229391869561502e+00
1.000219974726204830e+00
1.000236482068302291e+00
1.000254832773390223e+00
1.000355814759485540e+00
1.000188115879032225e+00
1.000195916566190224e+00
1.000112367865570562e+00
1.000287035665217150e+00
9.999507266546309170e-01
1.000055853468150957e+00
1.000107428249146002e+00
1.000119832356785032e+00
1.000071170164666068e+00
1.000021523287456970e+00
1.000023984179008618e+00
1.000177088173194395e+00
1.000166680739330793e+00
1.000271947316319521e+00
1.000184923533924852e+00
1.000280439582081016e+00
1.000145695941254465e+00
1.000153472936536447e+00
1.000090039562853805e+00
1.000097854579367285e+00
9.999682169606471938e-01
1.000065039483873930e+00
1.000132303875563400e+00
1.000115469902693732e+00
1.000076613885552357e+00
9.999620414623943132e-01
9.999862524222355997e-01
1.000212788737996794e+00
1.000215846419463483e+00
1.000202270294313855e+00
1.000136170551981785e+00
1.000247059472961997e+00
1.000204355172609194e+00
1.000198295068875698e+00
1.000110402457857317e+00
1.000092128610149844e+00
9.999598885545755156e-01
1.000191818115599318e+00
1.000146964600579391e+00
1.000168074879488556e+00
1.000107500268004213e+00
1.000083214641488860e+00
1.000120283718712866e+00
1.000045991697397163e+00
1.000198153384549427e+00
1.000220990794070230e+00
1.000234922890450573e+00
1.000251160568430553e+00
1.000242874020385697e+00
1.000215330373290135e+00
1.000096147129988955e+00
1.000120100686588742e+00
1.000084223558682428e+00
1.000006381731820326e+00
9.999534795637432527e-01
1.000059943855115430e+00
1.000078611411083784e+00
9.999625920928815193e-01
1.000023670706428947e+00
9.999690807274194126e-01
1.000122976608599057e+00
1.000192223044563233e+00
1.000214771611974029e+00
1.000185888901712561e+00
1.000221257715556034e+00
1.000174585714324049e+00
1.000147023501360755e+00
1.000122242727085276e+00
1.000089369652009674e+00
9.999776037931625838e-01
1.000053028251155718e+00
1.000099206055279799e+00
1.000093429040465276e+00
9.999808959316393020e-01
1.000027549361804935e+00
1.000016561150789629e+00
1.000097743476680678e+00
1.000149909517817459e+00
1.000171492925931105e+00
1.000147991936013891e+00
1.000168921216068263e+00
1.000222765344634723e+00
1.000149959971827096e+00
1.000070294382592317e+00
1.000012746972104072e+00
1.000000751047669612e+00
1.000167201809037065e+00
1.000003671277689188e+00
1.000080888922028732e+00
1.000069456090615150e+00
1.000022556764911696e+00
9.999977373260130475e-01
1.000000392175810715e+00
1.000102413577968363e+00
1.000143242014759570e+00
1.000140800134400987e+00
1.000183452573166321e+00
1.000232826465530467e+00
1.000148703250916205e+00
1.000087206431966358e+00
1.000137605107086269e+00
1.000186267320235078e+00
9.998981492289187312e-01
9.998936545160490574e-01
1.000086373943950058e+00
1.000108969314356999e+00
9.999753976009763123e-01
1.000003380447810564e+00
9.999336169049252154e-01
1.000109496683211807e+00
1.000135235251035315e+00
1.000148973035227984e+00
1.000093395438525823e+00
1.000168025351728218e+00
1.000146991030067767e+00
1.000125945979014164e+00
1.000047031923463559e+00
1.000017682797836427e+00
9.999324361498754810e-01
9.999997519288964520e-01
1.000066901883208015e+00
1.000036959921892565e+00
9.999677333242339428e-01
1.000034394610660460e+00
1.000004089703903754e+00
9.999856374710890394e-01
1.000085809290278238e+00
1.000058391651003520e+00
1.000050211555978397e+00
1.000112518025038533e+00
1.000162468940917648e+00
1.000088289590963520e+00
9.999520281611253836e-01
9.999506257080844618e-01
1.000007239139912407e+00
1.000022937723368921e+00
9.998972276750496269e-01
9.999914005273389250e-01
9.999615834056868602e-01
9.998838935404554817e-01
9.999464532316748588e-01
9.998646209172040722e-01
1.000023201889004731e+00
1.000094174935392655e+00
1.000101573562169444e+00
1.000080686407976094e+00
1.000102038714264729e+00
1.000083968253853595e+00
1.000029875915446897e+00
1.000006734349673021e+00
1.000010473864875626e+00
9.998317528476020621e-01
9.998173268959527071e-01
9.999975206817324214e-01
1.000003371428284771e+00
9.999322708075215616e-01
9.999417310581395490e-01
9.998808553582314573e-01
1.000032105102349744e+00
1.000115717253857284e+00
1.000082199908346015e+00
1.000100663832949932e+00
1.000126514010315715e+00
1.000167112257080992e+00
1.000123676410080487e+00
1.000037485115777391e+00
1.000018379732448226e+00
1.000026352585253298e+00
1.000031350825235865e+00
9.998545449208281477e-01
9.999737204547506364e-01
9.999171351440475641e-01
9.998450655389456987e-01
1.000034177014033521e+00
9.999529255864755273e-01
1.000084770731479278e+00
1.000087102159279429e+00
1.000130544221389695e+00
1.000107656942201162e+00
1.000137792410512150e+00
1.000067183502441059e+00
9.999812680400326226e-01
1.000018100498690332e+00
1.000021342226933285e+00
9.998452070176916395e-01
9.998475953344531097e-01
1.000036267947851831e+00
9.999830739601553997e-01
9.999327966212545604e-01
9.997261091807203570e-01
9.999230933244011021e-01
1.000041243749746123e+00
1.000055800846727738e+00
1.000083590905537001e+00
1.000037310233663934e+00
1.000097330251677130e+00
1.000066748052622856e+00
1.000039210010996049e+00
9.999625741926531086e-01
9.999886089829536084e-01
9.998834652246079147e-01
9.998211192066241981e-01
9.999542008382811265e-01
9.999545149358086693e-01
9.999027053791724740e-01
9.998149387832699908e-01
9.997964136087036380e-01
9.999368010166900245e-01
9.999090548156710501e-01
1.000042290237712850e+00
9.999655521059033214e-01
1.000059699059894225e+00
1.000067016101975792e+00
1.000001094035293692e+00
9.998837743132187317e-01
9.998721404404127266e-01
9.999105707208104654e-01
9.998987705241564328e-01
9.998578577605633511e-01
9.999137903188959342e-01
9.998543969112005936e-01
9.999254396871644079e-01
9.997965991294973653e-01
9.998222215793270973e-01
9.998298693745542032e-01
9.999273521242258989e-01
9.998176937852750745e-01
9.998507614909751817e-01
9.997895147234668878e-01
9.996393484477646973e-01
9.994474140847479093e-01
9.993115391970618377e-01
9.990449507625933645e-01
9.987890730897670544e-01
9.984700111066888706e-01
9.981278419620220888e-01
9.974523385080633631e-01
9.965799961794417072e-01
9.952327249581373048e-01
9.937480205873432393e-01
9.916973358916627568e-01
9.889703722300222655e-01
9.851800526486997889e-01
9.801469465276230197e-01
9.734879181282556360e-01
9.645363262918521530e-01
9.525922284551918695e-01
9.365448598619188214e-01
9.147179811834947882e-01
8.842882145001290661e-01
8.400173119236897801e-01
7.452492898199795102e-01
