7.671428181434181148e-01
8.562115904036563530e-01
8.969513591552352727e-01
9.249012748699172448e-01
9.448537414033436610e-01
9.593318608385337232e-01
9.702003942455039720e-01
9.783848301667062985e-01
9.844878852172269657e-01
9.890546891476008629e-01
9.925284671816750892e-01
9.950325981226879613e-01
9.968948346058131849e-01
9.983407313711738507e-01
9.993669734478698441e-01
1.000122628126298485e+00
1.000668868827028435e+00
1.001278681396758241e+00
1.001531302710834570e+00
1.001704333054650897e+00
1.001749033978170278e+00
1.002013489976754990e+00
1.002197512157970039e+00
1.002332693223374038e+00
1.002417782259304779e+00
1.002357963387402906e+00
1.002447742115020413e+00
1.002478634573486627e+00
1.002427369594171447e+00
1.002369824077012250e+00
1.002277656857779142e+00
1.002550381746671881e+00
1.002270136527771971e+00
1.002473142865428546e+00
1.002373190399908243e+00
1.002392295837631675e+00
1.002298987940088315e+00
1.002362051817135891e+00
1.002325228706447247e+00
1.002458080594156531e+00
1.002428781744880926e+00
1.002414291631514631e+00
1.002452912617499692e+00
1.002545612182422108e+00
1.002417702834154545e+00
1.002332831590120321e+00
1.002306691931091454e+00
1.002414136230511676e+00
1.002236666531026277e+00
1.002346525373540853e+00
1.002341170987700147e+00
1.002377340545095086e+00
1.002295189972104872e+00
1.002358193978077239e+00
1.002086971445849128e+00
1.002394658878215994e+00
1.002411310120646659e+00
1.002476702328630509e+00
1.002386149351185640e+00
1.002475380242831893e+00
1.002416668212092077e+00
1.002424017331828399e+00
1.002361191752437097e+00
1.002424106185327179e+00
1.002057164465990802e+00
1.002224357747794947e+00
1.002375025448422718e+00
1.002406110027826092e+00
1.002286729485312167e+00
1.002256351129538148e+00
1.002103202464946330e+00
1.002346495166530405e+00
1.002380207397678635e+00
1.002404907524367061e+00
1.002317792770285543e+00
1.002432222227211733e+00
1.002416674476547476e+00
1.002477338516120309e+00
1.002317727042619344e+00
1.002338833371258842e+00
1.002188260778427153e+00
1.002274768962596596e+00
1.002175030930059663e+00
1.002294436967174240e+00
1.002174604007755487e+00
1.002337931455647313e+00
1.002321014585683789e+00
1.002169870557211517e+00
1.002308113412103241e+00
1.002381706117736027e+00
1.002357157223860762e+00
1.002419359284629774e+00
1.002434728060334512e+00
1.002369136620677281e+00
1.002236629462988304e+00
1.002298293272952945e+00
1.002311594288807450e+00
1.002191910001595909e+00
1.002126659112313023e+00
1.002310473711722327e+00
1.002242330410187066e+00
1.002234226800230887e+00
1.002012111196875166e+00
1.002231629683672187e+00
1.002331599560018383e+00
1.002389847981220994e+00
1.002313153672151014e+00
1.002328633218801945e+00
1.002361760168040572e+00
1.002386146281482482e+00
1.002296158131497528e+00
1.002279490332748990e+00
1.002177589890911991e+00
1.002167160166237858e+00
1.002144555560493089e+00
1.002303748668550432e+00
1.002228128170116417e+00
1.002187494598391293e+00
1.001981293882985513e+00
1.002382624391480626e+00
1.002403427272336556e+00
1.002430286157293127e+00
1.002371108980586456e+00
1.002375888493673539e+00
1.002396640397180683e+00
1.002460807182714797e+00
1.002349825633139568e+00
1.002274071854776682e+00
1.002179938870184861e+00
1.002241893008029683e+00
1.002346719534139563e+00
1.002179654998882841e+00
1.002203891899973609e+00
1.002237806655808638e+00
1.002298934650745599e+00
1.002078206830387064e+00
1.002067091653152886e+00
1.002271787222649868e+00
1.002300907991624523e+00
1.002304934488533972e+00
1.002300585716330739e+00
1.002368577242688019e+00
1.002268995996026701e+00
1.002170476216057260e+00
1.002202346673633393e+00
1.002132750668295103e+00
1.002123928120786323e+00
1.002304107622260521e+00
1.002207276005734116e+00
1.002199605169917795e+00
1.002092300510512235e+00
1.002030688615870080e+00
1.002117070018993861e+00
1.002229233503113104e+00
1.002234109981892773e+00
1.002264414039175211e+00
1.002229442512060142e+00
1.002290595549398367e+00
1.002257531752997810e+00
1.002268952328076113e+00
1.002139375567703494e+00
1.002131158076138062e+00
1.002109790034044323e+00
1.002190529723540724e+00
1.002065269631639444e+00
1.002129772452701184e+00
1.002048927220449359e+00
1.001997168130233984e+00
1.002101168975376266e+00
1.002102651591536109e+00
1.002167763562160863e+00
1.002163550625761568e+00
1.002197018869294132e+00
1.002294632116163653e+00
1.002239981144771974e+00
1.002213041742773258e+00
1.002074111624345010e+00
1.002149233759165536e+00
1.002115012982820241e+00
1.002153507572105084e+00
1.002045704258160530e+00
1.002150257983772441e+00
1.002137055728795856e+00
1.002119128015264371e+00
1.002074207973651987e+00
1.002014011711829466e+00
1.002105188313094253e+00
1.002157352634320819e+00
1.002225907779027203e+00
1.002195496364308269e+00
1.002232678078446293e+00
1.002189371919003369e+00
1.002158692288257491e+00
1.002171300431677903e+00
1.002125507583063291e+00
1.002108756808632428e+00
1.001948354774321981e+00
1.002106867838474580e+00
1.002108815985731427e+00
1.002013701776933496e+00
1.001914963252932944e+00
1.002079489778037402e+00
1.002146587367335417e+00
1.002183838427929352e+00
1.002191460688522939e+00
1.002138368596070750e+00
1.002204323427787536e+00
1.002184104659066932e+00
1.002186796669929159e+00
1.002032923129978270e+00
1.002006088069135048e+00
1.001950354785885455e+00
1.001973493061909526e+00
1.002071231640341731e+00
1.002048383523039154e+00
1.002055469575536373e+00
1.002163574225382048e+00
1.002006107693777848e+00
1.001990177813834260e+00
1.002045577974511881e+00
1.002161849365946544e+00
1.002134666882072533e+00
1.002168972419115622e+00
1.002169010673087612e+00
1.002120406148157672e+00
1.002009902752562631e+00
1.002038472532900570e+00
1.001982297330134442e+00
1.001972047293421264e+00
1.001929898404793073e+00
1.002105831389483059e+00
1.002058296700455653e+00
1.002002303429258889e+00
1.002071982757283708e+00
1.002046276569443783e+00
1.002038795390532089e+00
1.002122167135456321e+00
1.002116059291194627e+00
1.002092950790121284e+00
1.002128697008910940e+00
1.002153644916271791e+00
1.002084136011486271e+00
1.002011746544622994e+00
1.002009386719169726e+00
1.001881201687245371e+00
1.001924485921688035e+00
1.002051024638394683e+00
1.002037805386947200e+00
1.001958450257052879e+00
1.001928998456969921e+00
1.002027352371710922e+00
1.001918987047424103e+00
1.002037395862663383e+00
1.002070128798445037e+00
1.002046514825859713e+00
1.002081954055151991e+00
1.002121467166523061e+00
1.002060147131107470e+00
1.001908940850438468e+00
1.001898189440459941e+00
1.001974525689662388e+00
1.002004179510982862e+00
1.001995699873193368e+00
1.002014913869424095e+00
1.002025051162542146e+00
1.002005559997384276e+00
1.001953367927101324e+00
1.001833978370183731e+00
1.002000563842827985e+00
1.002078385335201993e+00
1.002096800197949111e+00
1.002061065657479544e+00
1.002090519287071269e+00
1.002061808659724607e+00
1.002008080600159001e+00
1.002032703538191516e+00
1.002010888728449123e+00
1.001814193437185141e+00
1.001969781164146589e+00
1.002052075494494821e+00
1.002026659788917140e+00
1.001979579076003546e+00
1.001738195089012518e+00
1.001848247191873487e+00
1.001970856663763509e+00
1.002055330926155285e+00
1.002045823125302215e+00
1.002001775978008213e+00
1.002032158668541673e+00
1.002064394819117021e+00
1.002003876280449957e+00
1.001966866099481379e+00
1.001919056914870154e+00
1.001825387017539759e+00
1.001822431974013661e+00
1.001885958790080799e+00
1.001938276500500047e+00
1.001914166309678889e+00
1.001727450459230173e+00
1.001852641675537559e+00
1.001790615502508919e+00
1.001925387986215776e+00
1.001932810368343807e+00
1.001961458713058084e+00
1.001993984747278521e+00
1.002038709921268422e+00
1.001956044260980061e+00
1.001866317428830699e+00
1.001852471004798240e+00
1.002063334782888893e+00
1.001755607196688880e+00
1.001709973448191349e+00
1.001860239113562701e+00
1.001871423404005590e+00
1.001790136237521223e+00
1.001522495817995795e+00
1.001814867262921460e+00
1.001995611837945832e+00
1.001971704605652880e+00
1.002020360048542003e+00
1.001915637665192538e+00
1.002031263656230298e+00
1.001965993451471082e+00
1.001964845558173112e+00
1.001883248548314231e+00
1.001890038604675182e+00
1.001697646009126030e+00
1.001847272961462698e+00
1.001825541452578294e+00
1.001846409445767305e+00
1.001749649116035812e+00
1.001705627924180497e+00
1.001794056620252560e+00
1.001883951128682115e+00
1.001950708191685857e+00
1.001948397179828643e+00
1.001908143395711770e+00
1.002010107577843812e+00
1.001988901229249551e+00
1.002009329081591016e+00
1.001818652559548939e+00
1.001869132263669471e+00
1.001836812977999980e+00
1.001843876043840620e+00
1.001683931437622244e+00
1.001806764650149839e+00
1.001734135755630639e+00
1.001770864269983630e+00
1.001609229946676338e+00
1.001840762113052952e+00
1.001866593707456232e+00
1.001913451042977687e+00
1.001879797013839335e+00
1.001944319837077435e+00
1.001905756536888958e+00
1.001878100426391915e+00
1.001749087587520792e+00
1.001841065513862317e+00
1.001814720893091426e+00
1.001709411106439518e+00
1.001753348322922843e+00
1.001796201908060180e+00
1.001721664682827972e+00
1.001712580119321627e+00
1.001559597518191236e+00
1.001597198071884520e+00
1.001808478964827387e+00
1.001843634389579574e+00
1.001790719079248326e+00
1.001826051997787959e+00
1.001824803767744854e+00
1.001919270273496698e+00
1.001759374114579382e+00
1.001771327036731218e+00
1.001611801828039772e+00
1.001722496006134611e+00
1.001655034037265413e+00
1.001779266587013106e+00
1.001720582800487591e+00
1.001662790271214076e+00
1.001599770688189617e+00
1.001778184850387055e+00
1.001695264591331958e+00
1.001855172017738216e+00
1.001778335011834775e+00
1.001841592545714477e+00
1.001830794611728415e+00
1.001908019603229949e+00
1.001778374977763342e+00
1.001699897947468054e+00
1.001680634915120827e+00
1.001729765639056247e+00
1.001612147958066634e+00
1.001628543311858133e+00
1.001709396571519806e+00
1.001759177901866638e+00
1.001691279966722359e+00
1.001580653976157143e+00
1.001609670508193384e+00
1.001699664179699578e+00
1.001714142142516417e+00
1.001842485413151129e+00
1.001735506003650134e+00
1.001819141282876080e+00
1.001749049439941475e+00
1.001742009016239443e+00
1.001668932147643298e+00
1.001693443980842702e+00
1.001521160891023055e+00
1.001700514619907390e+00
1.001661084718550754e+00
1.001735821402336413e+00
1.001628273988484308e+00
1.001579208589247205e+00
1.001628748615675413e+00
1.001705814776494341e+00
1.001726036419336996e+00
1.001755311501571377e+00
1.001702937568592855e+00
1.001792079064862229e+00
1.001717897289926773e+00
1.001736820567172614e+00
1.001545871906252438e+00
1.001554482609303465e+00
1.001491781825695426e+00
1.001703417018534603e+00
1.001625146155963542e+00
1.001654035080403737e+00
1.001549827039830420e+00
1.001619320995869478e+00
1.001618493735087823e+00
1.001603895158172275e+00
1.001677001355889773e+00
1.001649589697247045e+00
1.001678611280097053e+00
1.001767719135243651e+00
1.001781443391595028e+00
1.001698176995296619e+00
1.001574867578520101e+00
1.001617621869122621e+00
1.001545516305758277e+00
1.001690157662859848e+00
1.001477419729966511e+00
1.001696830597863075e+00
1.001634047881784895e+00
1.001553444061043630e+00
1.001685680397977007e+00
1.001563114576791147e+00
1.001622910423606960e+00
1.001700082950322646e+00
1.001719528636590750e+00
1.001679677187794049e+00
1.001721503912480493e+00
1.001746762990659789e+00
1.001653486380946090e+00
1.001626600898968045e+00
1.001574069798496947e+00
1.001614783782966756e+00
1.001505280920363061e+00
1.001584504832244260e+00
1.001568868186963446e+00
1.001500868186800952e+00
1.001444209080722736e+00
1.001613803086816690e+00
1.001567441442801965e+00
1.001638397226476407e+00
1.001668343176786768e+00
1.001640130321533873e+00
1.001694622297872650e+00
1.001737612647235265e+00
1.001614048764635223e+00
1.001531423428838607e+00
1.001458955242332083e+00
1.001588249035484823e+00
1.001660904596782364e+00
1.001422632455204687e+00
1.001533171631753039e+00
1.001560632864568534e+00
1.001480925288987134e+00
1.001491655595843522e+00
1.001405319260944893e+00
1.001587001845240632e+00
1.001616330615375583e+00
1.001693874336657908e+00
1.001646505636151652e+00
1.001685061532500587e+00
1.001606469765113916e+00
1.001612939131541813e+00
1.001526952003495285e+00
1.001541986583621924e+00
1.001435089247225685e+00
1.001432211238435288e+00
1.001456942477167100e+00
1.001545976459822906e+00
1.001416970363974368e+00
1.001335025199017181e+00
1.001464978024192209e+00
1.001534053454023132e+00
1.001522628447260477e+00
1.001599763241102004e+00
1.001480057914286181e+00
1.001636975313815903e+00
1.001569602046071150e+00
1.001650180460617268e+00
1.001489247738381660e+00
1.001536821657678988e+00
1.001448902244336248e+00
1.001478191910693871e+00
1.001362443513572620e+00
1.001472752202361205e+00
1.001378396571660057e+00
1.001370551201193893e+00
1.001263408914610187e+00
1.001416070261649693e+00
1.001438772540763633e+00
1.001514147721040082e+00
1.001472075847376741e+00
1.001568980086168903e+00
1.001491851120132948e+00
1.001530755012127072e+00
1.001361095560590053e+00
1.001385049816732264e+00
1.001395305510647704e+00
1.001445554302028418e+00
1.001328585988389364e+00
1.001480944160774600e+00
1.001456532510341724e+00
1.001434574360186014e+00
1.001208904972388902e+00
1.001365778225362435e+00
1.001374824445939726e+00
1.001485149859626667e+00
1.001477227235807677e+00
1.001507338607454889e+00
1.001505127382082305e+00
1.001547696872925330e+00
1.001476521662665542e+00
1.001449647508096952e+00
1.001411289123680382e+00
1.001207067270154294e+00
1.001296844133110042e+00
1.001483926890237353e+00
1.001422962667668504e+00
1.001368889467994183e+00
1.001256145970341294e+00
1.001483889072510181e+00
1.001316199882271718e+00
1.001464400790592846e+00
1.001432078731238073e+00
1.001472164644070517e+00
1.001473181207868768e+00
1.001527037330139036e+00
1.001435587516231962e+00
1.001362099574023112e+00
1.001274674844362389e+00
1.001319372275747410e+00
1.001339459177659652e+00
1.001293181487406869e+00
1.001366281065482644e+00
1.001264488847287026e+00
1.001418311999466848e+00
1.001263140723244183e+00
1.001249932491516725e+00
1.001425713124636463e+00
1.001401880779961395e+00
1.001400209441364320e+00
1.001429490804558231e+00
1.001465116479921313e+00
1.001415404521483810e+00
1.001313628967317682e+00
1.001318637640355780e+00
1.001344641925408840e+00
1.001133674483436486e+00
1.001169176871004041e+00
1.001317611609681801e+00
1.001295360684056002e+00
1.001261866832057423e+00
1.001162169033881000e+00
1.001235545865368559e+00
1.001346932780587062e+00
1.001362284971685890e+00
1.001412176572313850e+00
1.001348840427513265e+00
1.001404225146032223e+00
1.001421573707691248e+00
1.001371752410047611e+00
1.001297301689327179e+00
1.001298448180670153e+00
1.001191895152430567e+00
1.001098590042083236e+00
1.001231551706004197e+00
1.001249486246053699e+00
1.001194456841706604e+00
1.001021408279628266e+00
1.001157570952964981e+00
1.001253142227387372e+00
1.001293918090201851e+00
1.001348367764090863e+00
1.001258892249663912e+00
1.001365576241198596e+00
1.001360182473332250e+00
1.001348673625475305e+00
1.001164290263296452e+00
1.001149745389801282e+00
1.001380111343113333e+00
1.001216162304249924e+00
1.001161156185492507e+00
1.001208366566787467e+00
1.001233183787225478e+00
1.001154200708621822e+00
1.001055639877614922e+00
1.001198517404845445e+00
1.001195577191395181e+00
1.001258817718799321e+00
1.001296339838954275e+00
1.001257230827039102e+00
1.001262896395122004e+00
1.001259558133244632e+00
1.001197281934380401e+00
1.001162798965375300e+00
1.001135894185460451e+00
1.001049773265548115e+00
1.001109328927404674e+00
1.001131704515240362e+00
1.001162892850316455e+00
1.001130889152743064e+00
1.000921159733314081e+00
1.000999594901700984e+00
1.001146916494898065e+00
1.001224908602144748e+00
1.001170976154120540e+00
1.001167359719213001e+00
1.001240408956221462e+00
1.001227797022209431e+00
1.001190994696635972e+00
1.001094372153460865e+00
1.001044719255097748e+00
1.001055372355797557e+00
1.001094674886156222e+00
1.001055449886525395e+00
1.001055182343085104e+00
1.000996536695540673e+00
1.001059628190218875e+00
1.001059178617937917e+00
1.000958994255712664e+00
1.001170501385287182e+00
1.001098842629733809e+00
1.001170639119987271e+00
1.001154058514898360e+00
1.001201725036448220e+00
1.001097253448267388e+00
1.001045538284098813e+00
1.001059909814649318e+00
1.001064999871306149e+00
1.001106205229200352e+00
1.000771067055394203e+00
1.001018447518542409e+00
1.001006569705369165e+00
1.000918936169122642e+00
1.001032975248870915e+00
1.000870596185098771e+00
1.001031692729569933e+00
1.001024849841903430e+00
1.001066746120222728e+00
1.001007173038479303e+00
1.001086641445793290e+00
1.001083910505026875e+00
1.001009187506520792e+00
1.000992184513179284e+00
1.000954810401966322e+00
1.000842313116881099e+00
1.000871719888818401e+00
1.000996706944728976e+00
1.000987101355534703e+00
1.000892421787275888e+00
1.000865120422711918e+00
1.000866408820027198e+00
1.000961201413267609e+00
1.001004862025091091e+00
1.001053264183353830e+00
1.001019276724549822e+00
1.001108429359023777e+00
1.001092895649687620e+00
1.001018313481743194e+00
1.000955611509330101e+00
1.000945026745015065e+00
1.001037961684462907e+00
1.001051304439579681e+00
1.000829827260810267e+00
1.000989247434717511e+00
1.000969135088811024e+00
1.001002713241698761e+00
1.000849404602058845e+00
1.000838574101149403e+00
1.000955487235255736e+00
1.001029017314457592e+00
1.001008968753694939e+00
1.001052503477442901e+00
1.001085136639515705e+00
1.001016620074313579e+00
1.000915307419401712e+00
1.000939410881884095e+00
1.000900068236219465e+00
1.000752985690892771e+00
1.000979870122151061e+00
1.001012103946730125e+00
1.000937276180704494e+00
1.000918779980054296e+00
1.000739191272763673e+00
1.000967417472242271e+00
1.000922458671512860e+00
1.000986921108507399e+00
1.000988828060661362e+00
1.000939881564759881e+00
1.000994651205553421e+00
1.000978812166841481e+00
1.000945805430417002e+00
1.000852688669593427e+00
1.000817135153497794e+00
1.000719706716740154e+00
1.000808510235663640e+00
1.000875023382175044e+00
1.000854088834948863e+00
1.000800220485149383e+00
1.000744563224471806e+00
1.000861338806522616e+00
1.000813463934387748e+00
1.000881859090709369e+00
1.000899407839786370e+00
1.000882670453023593e+00
1.000935308798212464e+00
1.000917493475734110e+00
1.000928205545537075e+00
1.000786853922682074e+00
1.000772020174730104e+00
1.000929428665685572e+00
1.000700655990002241e+00
1.000635616391549743e+00
1.000771698006377219e+00
1.000783500873172027e+00
1.000681948268783650e+00
1.000574061401165338e+00
1.000793681871009921e+00
1.000887507040546742e+00
1.000877905564608650e+00
1.000939187720749857e+00
1.000890332687561779e+00
1.000870896754742390e+00
1.000900242967812215e+00
1.000805692629335608e+00
1.000801512787113712e+00
1.000720229560946972e+00
1.000635694815006360e+00
1.000667980740547858e+00
1.000753562699549848e+00
1.000752186767004837e+00
1.000649313717600686e+00
1.000520652443155134e+00
1.000806166262270702e+00
1.000735867264215040e+00
1.000841938895649319e+00
1.000828248160535283e+00
1.000795697762410841e+00
1.000870358592955700e+00
1.000878424665213373e+00
1.000801562965170755e+00
1.000738051911740811e+00
1.000696447073021078e+00
1.000677406600428032e+00
1.000610059306107802e+00
1.000660063480968587e+00
1.000697444192306440e+00
1.000710644565991903e+00
1.000645312265677545e+00
1.000573273748073255e+00
1.000649587882480374e+00
1.000787427127872276e+00
1.000778557390016532e+00
1.000812421834847976e+00
1.000838801537754952e+00
1.000866270818765225e+00
1.000775752497909066e+00
1.000725716244463381e+00
1.000724875824591020e+00
1.000794128131193395e+00
1.000520707024536993e+00
1.000595935812866655e+00
1.000702511149552443e+00
1.000667136420622993e+00
1.000610464424920965e+00
1.000466705809456958e+00
1.000667439022220329e+00
1.000701301002012489e+00
1.000757408892898992e+00
1.000757588619223037e+00
1.000695735650668050e+00
1.000790489153351892e+00
1.000781694576703185e+00
1.000714286299041245e+00
1.000608273511040203e+00
1.000585960308892908e+00
1.000481762640741401e+00
1.000650358745498680e+00
1.000705377425404885e+00
1.000629466628434772e+00
1.000585052598844671e+00
1.000600192804167454e+00
1.000590816570562813e+00
1.000531727431313245e+00
1.000653597964301866e+00
1.000677201591869458e+00
1.000654617562457105e+00
1.000751676194910900e+00
1.000754544333468887e+00
1.000703689100307825e+00
1.000535342209632583e+00
1.000550518524043531e+00
1.000534304917368722e+00
1.000548878495973737e+00
1.000495073807349478e+00
1.000589504787892325e+00
1.000608103891928335e+00
1.000581336189103165e+00
1.000343659290662268e+00
1.000619354643951242e+00
1.000523117283183883e+00
1.000601725911764994e+00
1.000628543266760317e+00
1.000595299129556137e+00
1.000612070146183363e+00
1.000637552323073720e+00
1.000550744656524715e+00
1.000536175219346902e+00
1.000490301915036850e+00
1.000383318783652165e+00
1.000448477816809012e+00
1.000569949843198581e+00
1.000544025297493755e+00
1.000483025147880678e+00
1.000424387772969714e+00
1.000485428523211207e+00
1.000445203137946049e+00
1.000574437058979305e+00
1.000538891072814129e+00
1.000558395251142096e+00
1.000597459651750842e+00
1.000606840528104557e+00
1.000534091474251985e+00
1.000495178343733915e+00
1.000439171046342057e+00
1.000396675103428112e+00
1.000500655660655047e+00
1.000431318275549319e+00
1.000456687373739495e+00
1.000435992592498158e+00
1.000513913384463383e+00
1.000380658924132415e+00
1.000425223276363962e+00
1.000525399194791110e+00
1.000482614500057599e+00
1.000553966920316507e+00
1.000551358056265938e+00
1.000609553422581843e+00
1.000509603492310884e+00
1.000451700289571422e+00
1.000432852999220357e+00
1.000467389817678576e+00
1.000351004570312563e+00
1.000314049222335466e+00
1.000529153870899579e+00
1.000484575155045519e+00
1.000382360835885498e+00
1.000436983019312720e+00
1.000429954442282110e+00
1.000445014365797025e+00
1.000484131000448862e+00
1.000511521040699403e+00
1.000495846281080459e+00
1.000545282450670870e+00
1.000547288017352932e+00
1.000450448613965149e+00
1.000396698607582513e+00
1.000310110426472443e+00
1.000413098183442706e+00
1.000320941236004124e+00
1.000429788934948716e+00
1.000419422513625589e+00
1.000359800261116483e+00
1.000260065774010165e+00
1.000348005772502935e+00
1.000465930165560513e+00
1.000527221847975490e+00
1.000507257109802373e+00
1.000483576994024792e+00
1.000544723315073048e+00
1.000539845728127375e+00
1.000463464128925173e+00
1.000434224988886900e+00
1.000353862616365275e+00
1.000441784851473725e+00
1.000444275385259374e+00
1.000221015426593807e+00
1.000292208474946154e+00
1.000290260814657994e+00
1.000290872396685460e+00
1.000196497529441286e+00
1.000339405307988150e+00
1.000462017101276357e+00
1.000392335077208594e+00
1.000452442387770535e+00
1.000448727467836196e+00
1.000480407739938737e+00
1.000376730581829188e+00
1.000346045787794846e+00
1.000339080962010962e+00
1.000357668166458991e+00
1.000056824397700828e+00
1.000208979767043482e+00
1.000323413325441724e+00
1.000342496571829054e+00
1.000216506670831507e+00
1.000207148716147465e+00
1.000209472682087597e+00
1.000318660832778095e+00
1.000300166126231183e+00
1.000374183854123578e+00
1.000293099392269625e+00
1.000412825420252227e+00
1.000381770909989143e+00
1.000366157621901841e+00
1.000255276602465049e+00
1.000276017931315486e+00
1.000039716593771777e+00
1.000342558664832904e+00
1.000165410053680981e+00
1.000270833582454166e+00
1.000150245625020640e+00
1.000111531018462507e+00
1.000158454883145476e+00
1.000294677869229432e+00
1.000294047089333116e+00
1.000334368336785351e+00
1.000290709727180927e+00
1.000410254673824051e+00
1.000342438782439558e+00
1.000346051940297798e+00
1.000175297479330760e+00
1.000209770495250838e+00
1.000146881547134159e+00
1.000192345365307434e+00
1.000066885606879508e+00
1.000275302971839420e+00
1.000221135804922445e+00
1.000237001359450595e+00
9.999985841984865287e-01
1.000198112485601865e+00
1.000196375514282421e+00
1.000282861000623136e+00
1.000263114728942471e+00
1.000289714693733734e+00
1.000239937185410710e+00
1.000302918507734340e+00
1.000209305027623952e+00
1.000257452874997011e+00
1.000156220128942453e+00
1.000094118552267819e+00
1.000015274855655445e+00
1.000136601022462601e+00
1.000107226759201273e+00
1.000140067731572824e+00
9.999380267196257277e-01
1.000110756963849878e+00
1.000126101955109093e+00
1.000295771764622144e+00
1.000182445678075682e+00
1.000248652015750528e+00
1.000187695226573803e+00
1.000273946398189562e+00
1.000132059501693149e+00
1.000149910681287002e+00
9.999907472370029859e-01
1.000164633815418203e+00
9.999878007169542560e-01
1.000137319520411738e+00
1.000112512642268303e+00
1.000131692144524909e+00
1.000078911508952340e+00
9.999525511824506330e-01
1.000076874163288831e+00
1.000232682559403008e+00
1.000171508075136773e+00
1.000205476253069659e+00
1.000149805100265743e+00
1.000267512431891825e+00
1.000107054920748917e+00
1.000131303040894482e+00
1.000065892557161717e+00
1.000094071699999310e+00
1.000045660314942353e+00
1.000147901405965545e+00
1.000042387038565517e+00
1.000050565743371811e+00
9.999776392292634153e-01
9.999290159270050049e-01
9.999045781412776446e-01
1.000102223556025516e+00
1.000129911400116756e+00
1.000178081326449142e+00
1.000115525567375707e+00
1.000146654968284476e+00
1.000154032128443005e+00
1.000110363196272001e+00
1.000031856229392835e+00
1.000040529996011118e+00
9.998697847609466782e-01
1.000036338755685650e+00
9.999678874899907699e-01
9.999846689441136416e-01
9.999320909130223756e-01
9.998280587166923361e-01
1.000021623038890084e+00
9.998899065640981521e-01
1.000041947464483716e+00
9.999962017929930891e-01
1.000001415801513360e+00
1.000083910522296060e+00
1.000119352993500410e+00
1.000025252653037322e+00
9.998990866865269389e-01
9.998762740702316076e-01
9.999241658288255952e-01
9.997503703990480162e-01
9.999628050764448606e-01
9.998879597925234286e-01
9.999699387338664147e-01
9.997481746877343589e-01
9.998830132048498465e-01
9.998318957555109021e-01
9.999231313561026679e-01
9.999064389639018557e-01
1.000039341007984861e+00
9.999173670260390612e-01
1.000016848105643064e+00
9.999426464714070706e-01
9.999939078285741134e-01
9.998968312229509214e-01
9.999698379488659583e-01
9.997596988437780219e-01
9.999288573104769817e-01
9.998473813822870149e-01
9.998911652047244303e-01
9.998254762932464734e-01
9.997062385621888758e-01
9.996922127648341094e-01
9.998580798715398510e-01
9.998313481349477838e-01
9.999445906013062491e-01
9.998399782065136021e-01
9.999953794751352820e-01
9.999006818284285059e-01
9.999337450353602552e-01
9.997934747026728797e-01
9.998433744079542329e-01
9.996409820366918275e-01
9.997335331016515836e-01
9.997363212472878402e-01
9.998014204865364185e-01
9.997333771427222571e-01
9.997760633428219856e-01
9.996859623033363951e-01
9.997685240362089720e-01
9.998004021099546890e-01
9.998499859955334301e-01
9.998157043532757138e-01
9.999144536492838853e-01
9.998816736459075205e-01
9.998731572535272116e-01
9.997040331674195146e-01
9.997692286520937222e-01
9.997325508130876504e-01
9.997946206285635018e-01
9.995233180022733421e-01
9.997269792221524787e-01
9.997528051608899347e-01
9.997011196858047732e-01
9.996494757270184550e-01
9.996584358448461494e-01
9.997326774394411641e-01
9.997971338240562167e-01
9.997861890718366951e-01
9.997789441468869498e-01
9.998349651731727183e-01
9.998429981152506807e-01
9.997287321866876741e-01
9.997177062435443906e-01
9.996347877760650702e-01
9.997097618389508833e-01
9.996733355222624517e-01
9.996501615421221620e-01
9.996852176708286297e-01
9.996373881160498520e-01
9.996028478289028518e-01
9.996519057804613695e-01
9.996882887273239593e-01
9.997533083913936469e-01
9.997832319521627875e-01
9.997086931347227701e-01
9.997972578797352794e-01
9.997773536038692122e-01
9.997515244977969173e-01
9.996047835825091488e-01
9.996504407639845713e-01
9.997057774290217802e-01
9.995164576268588119e-01
9.995710992350410606e-01
9.996174185787719546e-01
9.995740107913143602e-01
9.995551442956716048e-01
9.995292510622740823e-01
9.996297622900630619e-01
9.997007230116802257e-01
9.997014841415295949e-01
9.996897338978054659e-01
9.997312346536156857e-01
9.997265796202637889e-01
9.996749416929321397e-01
9.996172841574025858e-01
9.996335721009850239e-01
9.996785590121383125e-01
9.993599624731499542e-01
9.993861289898843259e-01
9.996438974416215206e-01
9.995349988555598530e-01
9.995231477206538706e-01
9.994886207855764315e-01
9.994606432819925779e-01
9.996003283154862862e-01
9.996445214875353535e-01
9.996370822874545148e-01
9.996568704869371880e-01
9.996188895665557572e-01
9.996953123378556905e-01
9.995899374037338081e-01
9.996008379280399980e-01
9.995398431367310543e-01
9.995189093643135347e-01
9.995186910809742420e-01
9.994419638839769915e-01
9.994821613398776616e-01
9.994351770239005006e-01
9.994909491401218204e-01
9.995142976142986635e-01
9.994424456844923643e-01
9.995815733587977148e-01
9.995915333324176810e-01
9.995803522334609781e-01
9.996032789406771313e-01
9.996613181380930024e-01
9.996048694253888423e-01
9.995489536234702932e-01
9.995519260030671926e-01
9.995259382403879345e-01
9.993026919095684413e-01
9.994097795676014639e-01
9.995361744542816673e-01
9.995019577540517064e-01
9.995376630012481334e-01
9.993245751726326231e-01
9.994271185053386075e-01
9.995183600025511206e-01
9.995574635585094958e-01
9.995994681057037701e-01
9.995567258209673289e-01
9.995796134013924528e-01
9.995771470611758414e-01
9.995133414804084904e-01
9.994885567687770145e-01
9.993989994981617997e-01
9.994201573733056954e-01
9.994186002291072235e-01
9.995368747048134495e-01
9.994838722193913894e-01
9.994636758768320473e-01
9.993264919838302784e-01
9.994161051842631593e-01
9.994687621446922687e-01
9.995021344802402785e-01
9.995303457643841538e-01
9.994179116137645869e-01
9.995432306051057481e-01
9.995091184632426407e-01
9.994683583839896190e-01
9.993722908105721059e-01
9.992829458515661845e-01
9.993327314349906842e-01
9.994765782893286765e-01
9.993675523859444354e-01
9.993850087874721622e-01
9.993561169070480643e-01
9.992352896244293126e-01
9.992560607278156981e-01
9.992926367755353700e-01
9.994506611077133007e-01
9.993785657644134179e-01
9.993878871113615059e-01
9.994330926196149933e-01
9.994944069849707180e-01
9.993805460607944058e-01
9.993291947366044203e-01
9.993180991233042709e-01
9.992625280873062010e-01
9.992019185760814270e-01
9.992759695428091726e-01
9.993449778707587106e-01
9.993295898440265335e-01
9.992346283913546845e-01
9.992145643861585214e-01
9.992441951892236940e-01
9.993688284754330686e-01
9.993523102221186782e-01
9.993587191212626175e-01
9.993173325411540686e-01
9.993583891744426406e-01
9.993709505870881360e-01
9.993031501626959967e-01
9.992430773815766942e-01
9.991828407129197398e-01
9.992197847253547760e-01
9.993181505185251279e-01
9.991761528056130048e-01
9.992073031678925243e-01
9.991352947660011585e-01
9.990461191859038026e-01
9.991977446268202057e-01
9.991803766277548293e-01
9.992945855971756552e-01
9.992550952361219929e-01
9.992648145069732424e-01
9.992894961185543323e-01
9.993188514611445195e-01
9.992896219487406029e-01
9.991452552624419114e-01
9.991579774680977577e-01
9.992087783301584203e-01
9.991042191756256408e-01
9.990275253403928524e-01
9.991841233673209866e-01
9.991027602436253208e-01
9.990759014378171043e-01
9.990726580965023640e-01
9.990363034433152878e-01
9.991360702894171997e-01
9.991486644112085314e-01
9.991822043032715372e-01
9.991908755378674512e-01
9.992170992616509206e-01
9.992151206441499678e-01
9.991354553888297518e-01
9.991428680654864669e-01
9.990724200971992097e-01
9.990934545841805292e-01
9.989339839822202194e-01
9.990602221998807764e-01
9.990266148382623834e-01
9.989803443618437973e-01
9.989791123438517273e-01
9.990008676480128802e-01
9.991028582028442795e-01
9.990980205959791860e-01
9.991388552623684527e-01
9.990972465104414058e-01
9.991487540447595572e-01
9.991513797766653493e-01
9.990917650789344906e-01
9.989807779490386119e-01
9.989528078100170516e-01
9.988890437277792023e-01
9.990721459439251273e-01
9.989601006424350116e-01
9.989530377342089595e-01
9.989860600887234821e-01
9.988646347905811851e-01
9.988902247028910164e-01
9.989716080905642892e-01
9.990088019704512767e-01
9.990777265879814406e-01
9.990041423111774010e-01
9.991188296456814388e-01
9.990751060285063545e-01
9.990589400851278556e-01
9.989428072993972174e-01
9.989534144635606738e-01
9.989156410493758020e-01
9.988076319234284739e-01
9.988704191397980159e-01
9.989365596996729879e-01
9.989325118789157409e-01
9.988456960415562635e-01
9.989129442003660264e-01
9.989444691290418898e-01
9.989787738627968761e-01
9.990005433108852806e-01
9.990479454404812554e-01
9.990292266065589066e-01
9.990447357012933738e-01
9.990022951812425056e-01
9.990121864992856926e-01
9.988788817337058701e-01
9.989167368075188014e-01
9.988445528278108165e-01
9.988977220222793330e-01
9.988851681458242870e-01
9.988753503562800562e-01
9.988063880433474262e-01
9.988180708942070440e-01
9.989221208069418712e-01
9.988131750734001724e-01
9.989567123504501378e-01
9.989234684141323761e-01
9.989207595061252443e-01
9.989512638094341090e-01
9.990071675515334038e-01
9.989296634955457943e-01
9.988085916494915395e-01
9.987999069371994443e-01
9.987894545758791987e-01
9.988917610552410231e-01
9.988589747329783552e-01
9.988776903832607967e-01
9.988938449502408057e-01
9.988962629788175063e-01
9.987477701304039446e-01
9.986823986993204061e-01
9.989092143277149560e-01
9.989052466245122996e-01
9.989454949228728786e-01
9.989105252248957623e-01
9.989660756265925645e-01
9.989088880883038035e-01
9.988929657343221802e-01
9.988348986395338969e-01
9.988263943502669884e-01
9.986438144648858151e-01
9.987146723627354783e-01
9.988402772726516776e-01
9.988200370383807369e-01
9.987768912805385924e-01
9.986967362351301114e-01
9.985957503908414745e-01
9.988390727433962279e-01
9.988206598966377081e-01
9.989047681681213486e-01
9.988338384460210273e-01
9.989126334383316985e-01
9.989023549740216890e-01
9.988506499827496388e-01
9.987949717485831158e-01
9.988002713851662495e-01
9.987123303330434076e-01
9.987411121952143311e-01
9.987142595861556726e-01
9.987948538391597797e-01
9.986990454972974884e-01
9.987170600108339347e-01
9.986710785060857187e-01
9.987705524458161399e-01
9.987445023004346556e-01
9.988982993615403982e-01
9.987897529040310474e-01
9.988743341437776868e-01
9.988350710916124031e-01
9.988348156279684975e-01
9.986402272238078526e-01
9.987437209306382346e-01
9.986002457382783248e-01
9.985366996540326889e-01
9.985359370351795105e-01
9.987574212296581599e-01
9.986432875875840276e-01
9.986963099664202259e-01
9.984301568152468276e-01
9.987529573546746198e-01
9.986810426597282353e-01
9.988247780537241605e-01
9.987274235560594793e-01
9.987553780152476079e-01
9.987443171871882575e-01
9.987845241726810430e-01
9.986932417143713492e-01
9.987061834553646600e-01
9.985909034641594628e-01
9.985867274739802513e-01
9.985686513355359617e-01
9.986453208609277210e-01
9.984846011447309211e-01
9.985446731660589936e-01
9.983587765567777383e-01
9.986822711477978398e-01
9.985843088385421007e-01
9.987691927687945004e-01
9.986964785079650575e-01
9.986963923358131989e-01
9.986620764506887182e-01
9.987391368450571072e-01
9.986311150950394344e-01
9.986227979302324531e-01
9.984937393754117485e-01
9.985687254487686237e-01
9.986203577392284148e-01
9.984554248065005133e-01
9.984159990899769133e-01
9.985281940850696536e-01
9.985495697441405527e-01
9.984955313959479328e-01
9.984793499494207802e-01
9.986488448892560932e-01
9.985861003676218539e-01
9.986202526947033364e-01
9.986431287714642169e-01
9.986899884888456036e-01
9.985809898640913840e-01
9.985408498989236659e-01
9.985221032144846465e-01
9.985595851991411198e-01
9.982922507359360820e-01
9.985994671397843137e-01
9.985420119669131678e-01
9.985672244365404460e-01
9.984249903363846546e-01
9.983755623004395563e-01
9.983156053179075284e-01
9.986121053755981913e-01
9.985631421550665854e-01
9.986003957073849024e-01
9.985252616095764422e-01
9.986063298756346907e-01
9.985779077422675121e-01
9.985519313211521641e-01
9.984389909234001603e-01
9.984007935574564785e-01
9.984534667510726047e-01
9.984475282865546975e-01
9.984332706252977419e-01
9.984626637937632498e-01
9.983707741161510496e-01
9.983137783882931604e-01
9.984396442716237940e-01
9.984509457949405364e-01
9.985649475897627747e-01
9.985300507010604898e-01
9.985195329107828810e-01
9.985468755382761463e-01
9.986349831948800881e-01
9.985133549817833964e-01
9.984547119771149948e-01
9.983606832889380112e-01
9.985029284164661512e-01
9.983905715910962320e-01
9.983844301674951183e-01
9.984703922055103709e-01
9.984588795825531937e-01
9.984714669336755000e-01
9.983618206251350102e-01
9.982799619940805336e-01
9.984737539674698459e-01
9.984843796763882562e-01
9.985017000079637883e-01
9.984448017438828371e-01
9.985019361204102717e-01
9.984835510268672554e-01
9.984105909348511831e-01
9.983639438393161480e-01
9.982952265756747101e-01
9.983290341897456122e-01
9.983734394526341260e-01
9.984549195972103330e-01
9.983725890784768131e-01
9.983396892142812895e-01
9.981905932875244636e-01
9.984073902652451649e-01
9.984020918618422558e-01
9.984739287459338808e-01
9.984261373691375452e-01
9.984312897641616225e-01
9.984618466684926918e-01
9.985111301656767191e-01
9.983974087225335747e-01
9.983654958396500634e-01
9.982242622847263824e-01
9.984372890055036587e-01
9.983867943491246955e-01
9.984143678097239238e-01
9.983464337229857044e-01
9.983785868066142877e-01
9.982897800666010735e-01
9.984766678364221937e-01
9.983200823427623716e-01
9.984364022289661245e-01
9.984317697900095823e-01
9.984435129283363297e-01
9.984717767010140577e-01
9.984979473220187973e-01
9.984182185788275099e-01
9.983210610158742560e-01
9.983267734778927815e-01
9.983101077206778529e-01
9.982346232650725071e-01
9.982875615599733354e-01
9.983913235969297251e-01
9.984602202766154067e-01
9.984027325047196699e-01
9.981614864188441683e-01
9.981926870366569782e-01
9.983340304244919805e-01
9.983446005842642190e-01
9.983913495548542016e-01
9.983821878791241389e-01
9.984225615476665094e-01
9.984365729289998992e-01
9.983771254355531255e-01
9.983138925887916626e-01
9.983171427164714284e-01
9.981654536946703571e-01
9.982764612116965530e-01
9.982770137269200150e-01
9.982687038650659428e-01
9.981748377104023850e-01
9.981704689618710047e-01
9.982023217045806751e-01
9.982947106615992494e-01
9.983470999313308614e-01
9.983592741901128331e-01
9.983584472374276153e-01
9.983937388525526702e-01
9.984239259997345073e-01
9.983649515181419742e-01
9.982534984154629587e-01
9.983323757154276556e-01
9.983592467063077125e-01
9.979707510503089685e-01
9.980332270569705067e-01
9.981363428294178775e-01
9.981291466861440531e-01
9.981337218370748277e-01
9.981046187368088907e-01
9.980752702243617103e-01
9.982355562692186712e-01
9.982217144955503052e-01
9.982517489765140306e-01
9.982674901494272834e-01
9.982975164801286549e-01
9.982435511955637386e-01
9.982067409967827487e-01
9.982441223580129641e-01
9.982880989627670454e-01
9.978899790522322011e-01
9.980240810439735544e-01
9.981071420228209146e-01
9.980853646201036655e-01
9.980580557065488190e-01
9.980448014558140901e-01
9.979284688844050066e-01
9.981850810966418353e-01
9.982256678421859153e-01
9.982494168423436953e-01
9.981945527517929184e-01
9.982240312924901549e-01
9.982625870700450044e-01
9.981802113658702069e-01
9.981326259179097438e-01
9.980906828873959968e-01
9.981049477356488397e-01
9.979864276907453036e-01
9.980785201327890821e-01
9.981047905834615763e-01
9.980705295009667521e-01
9.979913960236067583e-01
9.980875720916042582e-01
9.979520072817136267e-01
9.981192234009937936e-01
9.981211037980343148e-01
9.981111152414993137e-01
9.981678884320493994e-01
9.981824182020436753e-01
9.980830266544165053e-01
9.979468628968449773e-01
9.979441983966396146e-01
9.980958647794957450e-01
9.978765468311101561e-01
9.980040169334684075e-01
9.980425859776242969e-01
9.980459186625870727e-01
9.978999824101356664e-01
9.979145394244498535e-01
9.978674344761564452e-01
9.980218805619497369e-01
9.980853039784626235e-01
9.980697691979758535e-01
9.980490125675657298e-01
9.980790007506785688e-01
9.980138320398416196e-01
9.980101791149588175e-01
9.979431504120355179e-01
9.979784554610513503e-01
9.978075907328646243e-01
9.979629484521765903e-01
9.979681865963516696e-01
9.979327825501433935e-01
9.978921708573779137e-01
9.977853709741496546e-01
9.979158209223945031e-01
9.979897923665371762e-01
9.980230175762073719e-01
9.980237239199488686e-01
9.979880201009388996e-01
9.979966485155861156e-01
9.980545302453225354e-01
9.980097634910756188e-01
9.978700862507344782e-01
9.978441111549331000e-01
9.978073733670680401e-01
9.978975937104225258e-01
9.979041312571786948e-01
9.979799205919397398e-01
9.979109844312480382e-01
9.978313990818373780e-01
9.978520429940396230e-01
9.978480809297916032e-01
9.978983664050157243e-01
9.979993416706168796e-01
9.979732245838098814e-01
9.979977803847664974e-01
9.979918049900895483e-01
9.979476094289720933e-01
9.978635861859278533e-01
9.979134005239025385e-01
9.978154106044360150e-01
9.978641393509659618e-01
9.978173815890631904e-01
9.978863928425923957e-01
9.978690235687819321e-01
9.978102893121210126e-01
9.977168575897400471e-01
9.978292491073467163e-01
9.978647241801649193e-01
9.979407509023286993e-01
9.978815201337472018e-01
9.978811192532498486e-01
9.979409406125240301e-01
9.979754156709327306e-01
9.979248656325074851e-01
9.978235084975499714e-01
9.978196295096609658e-01
9.977407508447413420e-01
9.977742816039474327e-01
9.977846840348084667e-01
9.977705033926922429e-01
9.977673685387747904e-01
9.977368956559372615e-01
9.976808632586502412e-01
9.977486482361374032e-01
9.978686216237284690e-01
9.978621728687008252e-01
9.978553276450153886e-01
9.978823132341144708e-01
9.979113458898513089e-01
9.978294366246095448e-01
9.977669655460185139e-01
9.977013717843773444e-01
9.977814510863503017e-01
9.976957648954570823e-01
9.977663160089128569e-01
9.978112093574570407e-01
9.977558865991602577e-01
9.977322306024311027e-01
9.977369105440926367e-01
9.975400813106966025e-01
9.977699391906587056e-01
9.977768189050272296e-01
9.977706768093620449e-01
9.978012208479305478e-01
9.977806693436414021e-01
9.976913699419809323e-01
9.977402172713798478e-01
9.976950800175333756e-01
9.976984397003357818e-01
9.974357224022638579e-01
9.977251122802995864e-01
9.976869555412645196e-01
9.976490460983451491e-01
9.975918542435578962e-01
9.976016119251380765e-01
9.975713711363490832e-01
9.976424736513733738e-01
9.976928608217673355e-01
9.976863241215611078e-01
9.976906051268830122e-01
9.977369259365100884e-01
9.977343713423305616e-01
9.976882176847731154e-01
9.976232454493907387e-01
9.975907427189837362e-01
9.974889133185661505e-01
9.975791355787858583e-01
9.975250809591560408e-01
9.975837950468346982e-01
9.974735892623614042e-01
9.975477231951063173e-01
9.975338163268271385e-01
9.975451894836200317e-01
9.976122868852809189e-01
9.976211238981146368e-01
9.976220111792649670e-01
9.976934497172390559e-01
9.976882595018488065e-01
9.976017885740137148e-01
9.975146250037466578e-01
9.975477296349257728e-01
9.975137805454658002e-01
9.974391078838077407e-01
9.974097270429531648e-01
9.975611912289428229e-01
9.975076818893887642e-01
9.974250087403967457e-01
9.974123905287208824e-01
9.975941748552186183e-01
9.975910185684627729e-01
9.976451610940929582e-01
9.976105988892516319e-01
9.976090058735926913e-01
9.976227862661957158e-01
9.976200493741853581e-01
9.975534204221794266e-01
9.975131035989116546e-01
9.974499992024595807e-01
9.975451708994219624e-01
9.973895956245457661e-01
9.974872282546483060e-01
9.974451222785810645e-01
9.974637362789275929e-01
9.972569495930680983e-01
9.973608413494737812e-01
9.974536250387864289e-01
9.975102806747049300e-01
9.975226404851441631e-01
9.975317412691776520e-01
9.975200708582209197e-01
9.976709348719476900e-01
9.974704688444898659e-01
9.974613497868350942e-01
9.973965622572303902e-01
9.975625569930579584e-01
9.972550683942633665e-01
9.973747996448206754e-01
9.974030386540559956e-01
9.974337703550743006e-01
9.973553651463341607e-01
9.972989887850522983e-01
9.973375220562797905e-01
9.974954923451656574e-01
9.974529168045707106e-01
9.975625934695873109e-01
9.974515160627761556e-01
9.975699812715870252e-01
9.974597166915095681e-01
9.974481268449230109e-01
9.974063587072919956e-01
9.973863728675426144e-01
9.972089553811770424e-01
9.973340886780062142e-01
9.974061377893788105e-01
9.973807921784859643e-01
9.973289738393287251e-01
9.971924431359462382e-01
9.972641478087653777e-01
9.974641214886577067e-01
9.974337819469387689e-01
9.974573393503473051e-01
9.973391083921749889e-01
9.974911886444207676e-01
9.974289844025145957e-01
9.974360108633359978e-01
9.973128853836131791e-01
9.972764261453112011e-01
9.971856616217128488e-01
9.973981713480933875e-01
9.973488767537211919e-01
9.973460666721105650e-01
9.973039335436456598e-01
9.972530410126722034e-01
9.972913493429561571e-01
9.972136658959411815e-01
9.973759155421482170e-01
9.973378360228213335e-01
9.973826544943760197e-01
9.974086578862166874e-01
9.973933659926131901e-01
9.973491608923739093e-01
9.972235862362732739e-01
9.972463257425714378e-01
9.972320090696387140e-01
9.971619892021571507e-01
9.970865024116510877e-01
9.971941356968181402e-01
9.972002741489365274e-01
9.970642749419300621e-01
9.971242078578607115e-01
9.970645504445088125e-01
9.972264045195934346e-01
9.972803728524117783e-01
9.972894509007581565e-01
9.972551044223573191e-01
9.972754631047892060e-01
9.972621163017646451e-01
9.971950466337462515e-01
9.971829258441472499e-01
9.971388088112040915e-01
9.969979540795305128e-01
9.970854658649694890e-01
9.971622779431332795e-01
9.971302182698977834e-01
9.969954358465712430e-01
9.970703673716403426e-01
9.970821022861580119e-01
9.971453060629625886e-01
9.971781100271804865e-01
9.971795503170889363e-01
9.971836328086347567e-01
9.972089874941189036e-01
9.972399771065285634e-01
9.971688572014216767e-01
9.970753850403408780e-01
9.970336866922479002e-01
9.970399241695254711e-01
9.971788178508891320e-01
9.970081982619751759e-01
9.970835371917385892e-01
9.970714078160772820e-01
9.970305855793766270e-01
9.969805682097833133e-01
9.969629067109756493e-01
9.970968240862064791e-01
9.971139357688636462e-01
9.971465050266069552e-01
9.971620893047949963e-01
9.972069725910964744e-01
9.971052896393386433e-01
9.970493433254907778e-01
9.971012107694849913e-01
9.971422724585119468e-01
9.968634931256585840e-01
9.968694815283881683e-01
9.970557110633592179e-01
9.970738511224754852e-01
9.969607061806746717e-01
9.969578814404103095e-01
9.968711126297246095e-01
9.970439532862552801e-01
9.971094023434705633e-01
9.971150470172175373e-01
9.970162200025138866e-01
9.970942765534590579e-01
9.971078954958295659e-01
9.970740944841840481e-01
9.970044536779223421e-01
9.969343976676160457e-01
9.968666090283931913e-01
9.969330405791779759e-01
9.969924768188358488e-01
9.969681653108292130e-01
9.969076854160958678e-01
9.969498283404191197e-01
9.969385714037327650e-01
9.969143915756840668e-01
9.970350845782663951e-01
9.969956129796819777e-01
9.969708217054842336e-01
9.970276915384395089e-01
9.970686740444795193e-01
9.970103887532847375e-01
9.968738059672485052e-01
9.968412221073598145e-01
9.968996160768991421e-01
9.969287405917062195e-01
9.968072826436110700e-01
9.968756381426767677e-01
9.968249814321807900e-01
9.967484492724799638e-01
9.968168462583686384e-01
9.967144647681804859e-01
9.969023343903598011e-01
9.969619137638452422e-01
9.969559258321644135e-01
9.969345611243304317e-01
9.969122659542833942e-01
9.969194485229040392e-01
9.968788841949373092e-01
9.968357212660140521e-01
9.968390424276334372e-01
9.966682936378762347e-01
9.966520458239503943e-01
9.968026975573003323e-01
9.968159518519995599e-01
9.967261767943498274e-01
9.967153141441469355e-01
9.966810211200591851e-01
9.968379570306054038e-01
9.969017179492518643e-01
9.968602998306065333e-01
9.968605600021409607e-01
9.968798394608062718e-01
9.969292849022005631e-01
9.968688033008825666e-01
9.967758385525190556e-01
9.967885753432406126e-01
9.967601470856330970e-01
9.967720054188432544e-01
9.966172318085122495e-01
9.967162718852256020e-01
9.966538116050800422e-01
9.965804486595911671e-01
9.967567511943300484e-01
9.966720373051988213e-01
9.967618674300959825e-01
9.968193569803219800e-01
9.968249762024268268e-01
9.967884423831009366e-01
9.968395915834536991e-01
9.967571119578753081e-01
9.966617233865717740e-01
9.966732111877691924e-01
9.967100495890055534e-01
9.965392042225464930e-01
9.965123224434582205e-01
9.967108555642101297e-01
9.966397502820054655e-01
9.966183843797814523e-01
9.963876430308500343e-01
9.965933853126196507e-01
9.966987082680236476e-01
9.967349638411034940e-01
9.967440294508275178e-01
9.966761045270096098e-01
9.967772481950653019e-01
9.967147946652759050e-01
9.966845932410216546e-01
9.966196621505581943e-01
9.966236518188741345e-01
9.965425016076669973e-01
9.964995678674054558e-01
9.966270684249892708e-01
9.965888781959639786e-01
9.965625534494010340e-01
9.964554297278246375e-01
9.964374615231360588e-01
9.965781350728449839e-01
9.965619971669928967e-01
9.966822664727191805e-01
9.965980820935425033e-01
9.967054225921179178e-01
9.967078911706039879e-01
9.966577394685897096e-01
9.965137588167701788e-01
9.965212949984755264e-01
9.965285090594346862e-01
9.965456396060820010e-01
9.965211348151093995e-01
9.965634408105137343e-01
9.965198920584213971e-01
9.965565805246074937e-01
9.964556225683742774e-01
9.964551104012626670e-01
9.964637587208086122e-01
9.965626283486923587e-01
9.964468249032744085e-01
9.964917717248907847e-01
9.964192688741282389e-01
9.962692617959979513e-01
9.960885342000999065e-01
9.959273015089649128e-01
9.956803860489902291e-01
9.954202963642310165e-01
9.950682454515100694e-01
9.947456216904198012e-01
9.940491311654127138e-01
9.931909095528653753e-01
9.918281628133719385e-01
9.903414663850867994e-01
9.883082245160029755e-01
9.855640230511150124e-01
9.817691469372306079e-01
9.767269468544451660e-01
9.700406233312757198e-01
9.610402337543311191e-01
9.490509150149888384e-01
9.329660764495933956e-01
9.110204119493516828e-01
8.804677908526382657e-01
8.360365991519019824e-01
7.407335747763076350e-01
