2.435451046044431744e-01
1.546773643970704160e-01
1.125708846028160154e-01
8.433744146344010484e-02
6.512315403349093479e-02
5.218818657820454426e-02
4.343067499171632262e-02
3.808083205852715730e-02
3.496871320300302260e-02
3.351410856524141002e-02
3.279849102259422416e-02
3.256502273464311620e-02
3.250572530602562071e-02
3.260052952348795746e-02
3.269043639247171118e-02
3.285181645228211350e-02
3.279389589608821404e-02
3.301475637443144345e-02
3.307264072702939539e-02
3.316652011366915537e-02
3.310215953946914896e-02
3.314200610029020833e-02
3.320771272514350808e-02
3.321925269816329573e-02
3.323493177131075366e-02
3.320366785805026200e-02
3.328089067652989508e-02
3.324935658264501631e-02
3.324779267011365030e-02
3.325105723957420129e-02
3.327825216919946122e-02
3.315551036635308590e-02
3.301716353930098796e-02
3.306185560953081581e-02
3.313822904548220649e-02
3.319150070700556399e-02
3.313263104421781263e-02
3.313344407056836860e-02
3.324000244745661803e-02
3.321091949919640490e-02
3.310499216783362175e-02
3.309906065082834220e-02
3.319047125484531069e-02
3.311033649638313314e-02
3.306987794663529545e-02
3.308979317596359715e-02
3.307991801594457881e-02
3.304821761835932681e-02
3.308400939116091372e-02
3.296889386586548260e-02
3.299604676817596838e-02
3.309744921657799960e-02
3.300836534015108570e-02
3.302186810704929587e-02
3.311211245516183094e-02
3.304025499468234151e-02
3.298615397612286032e-02
3.297121304823455445e-02
3.293297044377432869e-02
3.301968468991359207e-02
3.299038552857520845e-02
3.294239419078101583e-02
3.294059013647809148e-02
3.292403884637805367e-02
3.301488305912534532e-02
3.292640397713190309e-02
3.297960649037165459e-02
3.298587702128285420e-02
3.300248909724134982e-02
3.307105660949358206e-02
3.293657047795600645e-02
3.301337469746400827e-02
3.303247327974991043e-02
3.300205833235999447e-02
3.300142805837646270e-02
3.304693073450638841e-02
3.296360411589974171e-02
3.297884932248503626e-02
3.300850384557337674e-02
3.294845936783256934e-02
3.298527023561209637e-02
3.304546320002343246e-02
3.283339448235737812e-02
3.297949307024421878e-02
3.302201275256025359e-02
3.303610456165442105e-02
3.285643992343162401e-02
3.307730098483081804e-02
3.300056981793134808e-02
3.297716573910294130e-02
3.295423610284848454e-02
3.296344076131900447e-02
3.296471105053384171e-02
3.297166462533963893e-02
3.297570752993773252e-02
3.293618847850619119e-02
3.286645283218368740e-02
3.298423045766236961e-02
3.274319730735754386e-02
3.289213758916061797e-02
3.288741784865359397e-02
3.290310565156806533e-02
3.283529031163508888e-02
3.287302098186718063e-02
3.289886702490443099e-02
3.285629385145865528e-02
3.280147410762118687e-02
3.280484327346115669e-02
3.284682812417615699e-02
3.280061879090731547e-02
3.278806481506300885e-02
3.280119632677545860e-02
3.274755602986538505e-02
3.270757326054578307e-02
3.270004933629679089e-02
3.270977750323435240e-02
3.273684788867524398e-02
3.279152483000911250e-02
3.282442035528289337e-02
3.262039192085450928e-02
3.274975463115342017e-02
3.271979467153992432e-02
3.267893538994023905e-02
3.270644423167477083e-02
3.279106568457572368e-02
3.268039409848551985e-02
3.273946268927152570e-02
3.266859977175404217e-02
3.271381380870753280e-02
3.262187664082841915e-02
3.275216709713194702e-02
3.250108296972945704e-02
3.263042781827830974e-02
3.267126132780489439e-02
3.272738328431252369e-02
3.253749149325405043e-02
3.270672869249422604e-02
3.265633895419860905e-02
3.262726137041351698e-02
3.261117015443379397e-02
3.260758205443173297e-02
3.266323863119338644e-02
3.264095508402675011e-02
3.261440610001568874e-02
3.264519683605465739e-02
3.256259007604227207e-02
3.249532440128984068e-02
3.253908324238466432e-02
3.255642789614288102e-02
3.258075844067163940e-02
3.257487706730807786e-02
3.253710651638740819e-02
3.255597728499105836e-02
3.254770421173044243e-02
3.254833484996839249e-02
3.252690685068563431e-02
3.254460148378553186e-02
3.254428809268817419e-02
3.248796734097159078e-02
3.253017965763418257e-02
3.253168578705689651e-02
3.244801617381633946e-02
3.248036920343474326e-02
3.256604580458185433e-02
3.241586240109994854e-02
3.250824678362057574e-02
3.254097773678244626e-02
3.248990016844034018e-02
3.247047720965456213e-02
3.254726579567588512e-02
3.251884010096734584e-02
3.245195543222664097e-02
3.252720961199880717e-02
3.255632246519526984e-02
3.250946098482922209e-02
3.253276044507609488e-02
3.252728345277978300e-02
3.245534092079494642e-02
3.244385317175484812e-02
3.256711987069264153e-02
3.232109292101907616e-02
3.240804525552712367e-02
3.243717109152748773e-02
3.242262869021241695e-02
3.237887037911888616e-02
3.244758998632619323e-02
3.252970060519488893e-02
3.243778282033792787e-02
3.238635679146983914e-02
3.238095713865728892e-02
3.240424253719862563e-02
3.237524468896622876e-02
3.237762060206922365e-02
3.240523101827268160e-02
3.237653671015777029e-02
3.227798995281101757e-02
3.226119258467764067e-02
3.229682559944596631e-02
3.232055185258719127e-02
3.234834276545583281e-02
3.228231046729607145e-02
3.232380331126794709e-02
3.238096321548788320e-02
3.232531651179781224e-02
3.228089462891681194e-02
3.234993686775475275e-02
3.240119018463821082e-02
3.232406601576687244e-02
3.231672747965752546e-02
3.233506610905727968e-02
3.232687808680343583e-02
3.231862817530035958e-02
3.221922812472118730e-02
3.215486258454747920e-02
3.225538584768996436e-02
3.236833635459233222e-02
3.235034308294173350e-02
3.222803282662400209e-02
3.236405834112444924e-02
3.234998893348587506e-02
3.229109522212083444e-02
3.226616012328698685e-02
3.231673632170599386e-02
3.231259337199487297e-02
3.232377293547681468e-02
3.235071403743015883e-02
3.230507143363803985e-02
3.232687219155128827e-02
3.229131094339705160e-02
3.214879930141197745e-02
3.231207837337594924e-02
3.225323657204429151e-02
3.226367108772346809e-02
3.228126223574066811e-02
3.226892936016270003e-02
3.233371697758643387e-02
3.224087311636131964e-02
3.221540089380397348e-02
3.227245819308599550e-02
3.222398080793548863e-02
3.224362714935707919e-02
3.218881376459965804e-02
3.216160348943419151e-02
3.216829742220708721e-02
3.220289515577400008e-02
3.211441407190536446e-02
3.209036415699521860e-02
3.215708894919030308e-02
3.218339440660837603e-02
3.215828206751829288e-02
3.205510615584938189e-02
3.221289847171202037e-02
3.218422189286273410e-02
3.211867611802361050e-02
3.210567137356500761e-02
3.216489998424399560e-02
3.210926123422595119e-02
3.211225400897292637e-02
3.216234638653021199e-02
3.212396414047659354e-02
3.201540445625838949e-02
3.210163065797841386e-02
3.202390912583490817e-02
3.212684452534556034e-02
3.208520258005978509e-02
3.214089592334434115e-02
3.200472174042219564e-02
3.217023459408697994e-02
3.212742647466254597e-02
3.205993144748050389e-02
3.209511382459429019e-02
3.205162669884729920e-02
3.211736097757700303e-02
3.212060267534505575e-02
3.207014623177041612e-02
3.208800474744438053e-02
3.202061501733612092e-02
3.209215874723081452e-02
3.203141379991316512e-02
3.209078513412776806e-02
3.203002023988815034e-02
3.211615624549257753e-02
3.202757614653267693e-02
3.208448708165457380e-02
3.208510030361459708e-02
3.204062267735978409e-02
3.203263271424409975e-02
3.201114006943538148e-02
3.204427956374383824e-02
3.200532713093966891e-02
3.203244739295867116e-02
3.201533950953639601e-02
3.200471452937454081e-02
3.202976115914583921e-02
3.202471362489964918e-02
3.190532599520320284e-02
3.195713463249613001e-02
3.205195400366379899e-02
3.195322870766962448e-02
3.187779868618797335e-02
3.204446671345047987e-02
3.203165090029102408e-02
3.189542628791200429e-02
3.191055766089846701e-02
3.197175538764274877e-02
3.196823013482549131e-02
3.197454493935755065e-02
3.195021539457120613e-02
3.190822553089158603e-02
3.184249397299965950e-02
3.198622113971474196e-02
3.187294271966868014e-02
3.191439208904894853e-02
3.200532441848374238e-02
3.190649655510505861e-02
3.185611539928997343e-02
3.188678089434108381e-02
3.189216889835350122e-02
3.183765010581700999e-02
3.181899092330913587e-02
3.186567929897394374e-02
3.191836919925732791e-02
3.187976998980844578e-02
3.186461553039294375e-02
3.189870896136014905e-02
3.188447130056601408e-02
3.187484416157507910e-02
3.189411743731890292e-02
3.181556406182362018e-02
3.181434508787844839e-02
3.186516354072582019e-02
3.184843346121331992e-02
3.180383255284932598e-02
3.190338686995308065e-02
3.190394199081326987e-02
3.181928637547439681e-02
3.185825129347174406e-02
3.188107046046544102e-02
3.177135536793434384e-02
3.185642412229471726e-02
3.179369149576246473e-02
3.181615197292807923e-02
3.174663391285387215e-02
3.187750905054666239e-02
3.170766314099639910e-02
3.175621838642335437e-02
3.182769980969286233e-02
3.178397747425240616e-02
3.172089764063174694e-02
3.180643748568813545e-02
3.176876967313220501e-02
3.173187164627580548e-02
3.174037065736731028e-02
3.171491574532910723e-02
3.180518295391286665e-02
3.174459103866539983e-02
3.175390423915369631e-02
3.175946401115761070e-02
3.179234635895852173e-02
3.173851298722992625e-02
3.174036743856929049e-02
3.166677316808551995e-02
3.177161995702547370e-02
3.180610496518862518e-02
3.174033806656453849e-02
3.171864273572495146e-02
3.176030819910753006e-02
3.171762020953663996e-02
3.172651615953980125e-02
3.171788436917144516e-02
3.175244206425240079e-02
3.175450509848343900e-02
3.177221212139885731e-02
3.178681329140857492e-02
3.175275165937413435e-02
3.170670900899806577e-02
3.172795239692074998e-02
3.167434957035170778e-02
3.174435879902256369e-02
3.178645898141937987e-02
3.174605433787506398e-02
3.170539023123653682e-02
3.177271169472543899e-02
3.178960260051761494e-02
3.169038165539036361e-02
3.175986745897148994e-02
3.172204799908447115e-02
3.167481111844434177e-02
3.168507239978873846e-02
3.168789823538144257e-02
3.163811960002334972e-02
3.160358135667507701e-02
3.172830204256853193e-02
3.154305662889891892e-02
3.159853391518548105e-02
3.169430964039909870e-02
3.164108031234343088e-02
3.153249989783210583e-02
3.165187126519128369e-02
3.164796803085777321e-02
3.162208282007707150e-02
3.162739780282161628e-02
3.157312561429719000e-02
3.162345835885867207e-02
3.162601408383065860e-02
3.156818401652222023e-02
3.163526790335069450e-02
3.157658319089483995e-02
3.159253252615567414e-02
3.154860762891122106e-02
3.149225502034581209e-02
3.156102461848809410e-02
3.159928674217823280e-02
3.160070264432704445e-02
3.153719856651459458e-02
3.162459847103313987e-02
3.158172038133003762e-02
3.151792428529364559e-02
3.152463134997982031e-02
3.159403285774361331e-02
3.156938093851143629e-02
3.156138566327548051e-02
3.152084036908670006e-02
3.154578138415329441e-02
3.143509885949627436e-02
3.150376687066046982e-02
3.141864247758194978e-02
3.141952214926369003e-02
3.148692502119120051e-02
3.147608313559197707e-02
3.142780277908844427e-02
3.158105474372079058e-02
3.152593478581357245e-02
3.135987645210027569e-02
3.143881519900815213e-02
3.140035140368164363e-02
3.149946557023964450e-02
3.147865170527876927e-02
3.146113135161449775e-02
3.141187842114081391e-02
3.145855987804169196e-02
3.139443249045439227e-02
3.125095067858146836e-02
3.131569289130137212e-02
3.144495627450067526e-02
3.135602145106589078e-02
3.143136320623678842e-02
3.134889407244814685e-02
3.143009282215561417e-02
3.136460593984032735e-02
3.136959272689881367e-02
3.136462097090840506e-02
3.145820476435401414e-02
3.138042223088750166e-02
3.141672060663095595e-02
3.140180277186806201e-02
3.142363660777944961e-02
3.124391879059458185e-02
3.140720759558192354e-02
3.136463258615584254e-02
3.141416893327594190e-02
3.144429540413568036e-02
3.141779624188804215e-02
3.135383450365678004e-02
3.147697061358829124e-02
3.148399404946025659e-02
3.139016970041953736e-02
3.137102522181105246e-02
3.143260263657809972e-02
3.136729470157990224e-02
3.137096039801660907e-02
3.140822388622661193e-02
3.133865100187785413e-02
3.125826532669093161e-02
3.154547988541251541e-02
3.123083303513693107e-02
3.132279433556162118e-02
3.140522402096481563e-02
3.138045588045793033e-02
3.131982772373862606e-02
3.148532803925338519e-02
3.142512986058333679e-02
3.135738723954817342e-02
3.136238872665420702e-02
3.135220762879459278e-02
3.138145026419197903e-02
3.141343828005100508e-02
3.138097447959501546e-02
3.135536882764491246e-02
3.131407067102591479e-02
3.141314032367686915e-02
3.122237213159290495e-02
3.123660771173221787e-02
3.131933620324800494e-02
3.128714875191165173e-02
3.126241116117751961e-02
3.123065206993584295e-02
3.134992076634675329e-02
3.130941069669405247e-02
3.127956625913118349e-02
3.133241096955612787e-02
3.134930233174328118e-02
3.130687999427118895e-02
3.131635992225297038e-02
3.133622627061922322e-02
3.129799866765472366e-02
3.126598412748022443e-02
3.133736947890906899e-02
3.118119037761539480e-02
3.127299726817284187e-02
3.132519522327482930e-02
3.127193071425354159e-02
3.118440913596749742e-02
3.135169424702519136e-02
3.124916842557378532e-02
3.117065860627117255e-02
3.123710517980006832e-02
3.123194491162594594e-02
3.120717675824871348e-02
3.127977669129509281e-02
3.125120518061127312e-02
3.125448078374473693e-02
3.122265684059748192e-02
3.120434756820491401e-02
3.104377461894247681e-02
3.117516356713728384e-02
3.120791465945940701e-02
3.121071097663557711e-02
3.107301443159079732e-02
3.119364116613407636e-02
3.120401221359386454e-02
3.121704596285691108e-02
3.117781692420820011e-02
3.117890191768300442e-02
3.122304166440702938e-02
3.119698108590883423e-02
3.113141023894010553e-02
3.120691634804192288e-02
3.115723265585620266e-02
3.124448144244188971e-02
3.111345672415374852e-02
3.111641695592638063e-02
3.112691643670542282e-02
3.117295313537310139e-02
3.115414990653172372e-02
3.104769133932911221e-02
3.116893536485471766e-02
3.116499608097197255e-02
3.108256702996464380e-02
3.109121486762727454e-02
3.114534323798277479e-02
3.113388455269567104e-02
3.115596135828391927e-02
3.115572757900382170e-02
3.110515626782881654e-02
3.098885908835662811e-02
3.116020990809691485e-02
3.107899786865517266e-02
3.111808354371794344e-02
3.115247399970594647e-02
3.123831976006490388e-02
3.102339506428496846e-02
3.119094183338796261e-02
3.117635638275380663e-02
3.112142250366847079e-02
3.107041948759524733e-02
3.115359116381389432e-02
3.110822292764967370e-02
3.113002445404450952e-02
3.107550867985463955e-02
3.107478686226907913e-02
3.107352875021315158e-02
3.119955724762948218e-02
3.100269481457823550e-02
3.099261579099686637e-02
3.105092504014105720e-02
3.107939002898466377e-02
3.109190547953495642e-02
3.104527916831908985e-02
3.106596308146846591e-02
3.104692326199542940e-02
3.105137618830127941e-02
3.103355812406489306e-02
3.107469226980182075e-02
3.102309409495460427e-02
3.100033517720375206e-02
3.103301071668137026e-02
3.095862198774880156e-02
3.095144779039430555e-02
3.103116765045682915e-02
3.097441255957502498e-02
3.102380770288590273e-02
3.108818412743045989e-02
3.105283743256658999e-02
3.092065696372654771e-02
3.107561277750392134e-02
3.103547022279405654e-02
3.099270974771739171e-02
3.101557023678018499e-02
3.109913340932825981e-02
3.101660890600630230e-02
3.106694493110768659e-02
3.107525180163592943e-02
3.101514522932252368e-02
3.093597676095380736e-02
3.107558332683818536e-02
3.097348130071366293e-02
3.098172522046549124e-02
3.107825256466930502e-02
3.098728164950134700e-02
3.101575835967073855e-02
3.099297449566590368e-02
3.103395520105263483e-02
3.095513013118430037e-02
3.103943841632355802e-02
3.096253336631332037e-02
3.102431213542542615e-02
3.097065800354017323e-02
3.104039907055352460e-02
3.099316698477747045e-02
3.091923377994310398e-02
3.099361644358081952e-02
3.092239005312511987e-02
3.089588533876407028e-02
3.097521307324065110e-02
3.095732999359260273e-02
3.092704253069791798e-02
3.093115506291394326e-02
3.102573588070674238e-02
3.094133913715907402e-02
3.092621795905330442e-02
3.091369802582690299e-02
3.099969601147446047e-02
3.092992768443949408e-02
3.097416834237890979e-02
3.100764480534237005e-02
3.094864187595337476e-02
3.095429047168126238e-02
3.089125402064044415e-02
3.081812940911936305e-02
3.087896568105186895e-02
3.091612255482247690e-02
3.092954028516732221e-02
3.094084146954053163e-02
3.100565095602606652e-02
3.092588372069497715e-02
3.088961299239651251e-02
3.089797505656287011e-02
3.097163507111363318e-02
3.092624779453190947e-02
3.093399892161942041e-02
3.095022677448608719e-02
3.094909464487727649e-02
3.099336866832737639e-02
3.107064234512978834e-02
3.065254117488479257e-02
3.082657786320424503e-02
3.086020130138839718e-02
3.087228902303474493e-02
3.093363540425533159e-02
3.091002365309463568e-02
3.099371856793078917e-02
3.085695434870517131e-02
3.087975958162197249e-02
3.092031498378682366e-02
3.089630680671068969e-02
3.088972749435024701e-02
3.086094764729491180e-02
3.091672889928309340e-02
3.084969945617295137e-02
3.084670357149291511e-02
3.084089273060704531e-02
3.087977963912153651e-02
3.083360154778509027e-02
3.092938750036918621e-02
3.086077609977871949e-02
3.088991109669130333e-02
3.095618310744804522e-02
3.097027222065583396e-02
3.087182063434053617e-02
3.093128477773249979e-02
3.096614720878710161e-02
3.089377575750502924e-02
3.091720790654160084e-02
3.096364000945176984e-02
3.091035200160234184e-02
3.080604032196733108e-02
3.097797381017489485e-02
3.075751212230434795e-02
3.082613730563836182e-02
3.093527613034928458e-02
3.091215862078510249e-02
3.079566751837101851e-02
3.091309942705237554e-02
3.088821404039751584e-02
3.081172392067469887e-02
3.087454427165276655e-02
3.088287048116560712e-02
3.088233341413135560e-02
3.090744167698701930e-02
3.088908548646465690e-02
3.083578763806153408e-02
3.085547809797509894e-02
3.088037314404256176e-02
3.089419202689923719e-02
3.081827412298851487e-02
3.089420654069875011e-02
3.089881212002049127e-02
3.085019704729575693e-02
3.077735019741199146e-02
3.094531457289138518e-02
3.084372741095633627e-02
3.080851542036166027e-02
3.079431822421430098e-02
3.086785460734556633e-02
3.079055186163433960e-02
3.083772616938751723e-02
3.078837179295695892e-02
3.080758582497183928e-02
3.072221545808559440e-02
3.080994178492780719e-02
3.075566257773744427e-02
3.075883805159803849e-02
3.079945939668829805e-02
3.082755664510197086e-02
3.070724817796801828e-02
3.080788616078340703e-02
3.078402124543935803e-02
3.076683662600381355e-02
3.073729333094394126e-02
3.086204764214649926e-02
3.079310866990500953e-02
3.082759333325594056e-02
3.079650575687034250e-02
3.082756885813917047e-02
3.071626844878568019e-02
3.086479825746109990e-02
3.061901168513544991e-02
3.075630339228436691e-02
3.085008973207530730e-02
3.080275689751890353e-02
3.077802249090465583e-02
3.080973095438799270e-02
3.079925123043696089e-02
3.080290537098370404e-02
3.080605626839830191e-02
3.074891258611551700e-02
3.084923733965269990e-02
3.080599276511567994e-02
3.081907750096419055e-02
3.083339829547657174e-02
3.077395032419986617e-02
3.074218265062237179e-02
3.075610168190766672e-02
3.077950786361753274e-02
3.073517609301855413e-02
3.081712412462596709e-02
3.079407727156104405e-02
3.070703118504129400e-02
3.081194625257367356e-02
3.077881805846293881e-02
3.080679885105727656e-02
3.075653323263274896e-02
3.078684569441072702e-02
3.077685545123585303e-02
3.075757721041053744e-02
3.077904620012964984e-02
3.077975223521493137e-02
3.073943503782868014e-02
3.070879481660805654e-02
3.064903351946618101e-02
3.070575272883906137e-02
3.078018206704789470e-02
3.076287346905786507e-02
3.065199912179144420e-02
3.077546146544203956e-02
3.068682050117529925e-02
3.070084768041725018e-02
3.066420866324106806e-02
3.073317601713799682e-02
3.072896892931017976e-02
3.074145806795949148e-02
3.070672716996395227e-02
3.066544819987287659e-02
3.067264680413387887e-02
3.074825522634188485e-02
3.066703466533543879e-02
3.069040913950243574e-02
3.074291847753823914e-02
3.073928308549902372e-02
3.070938805805140462e-02
3.075971669278509263e-02
3.077501043844927536e-02
3.077421165613544729e-02
3.074564033482194911e-02
3.073147516810681434e-02
3.077023186166764901e-02
3.073589631599474292e-02
3.073600373905870098e-02
3.070384900083074006e-02
3.072376119351781509e-02
3.074512971542013931e-02
3.067283859135480628e-02
3.061775003139715484e-02
3.064236170986632188e-02
3.071407811449262601e-02
3.070408373567093743e-02
3.057587298144669175e-02
3.078125998044483821e-02
3.069923381578409591e-02
3.066295058033527768e-02
3.066876977066070736e-02
3.074910556768347542e-02
3.069665675446275888e-02
3.075097301577989564e-02
3.075036183122721936e-02
3.067996899893495402e-02
3.075006161195107876e-02
3.072158039921190839e-02
3.056577165620921743e-02
3.069186555888720261e-02
3.069461313554839102e-02
3.068887507023372249e-02
3.062652170245537195e-02
3.062460421265117763e-02
3.071639646960509090e-02
3.066974976953959486e-02
3.068805960008879480e-02
3.064910800274543018e-02
3.066407599374600113e-02
3.068820320759706177e-02
3.067150085080309896e-02
3.064661581817518243e-02
3.060362188362443850e-02
3.062034287980307939e-02
3.051182343630209903e-02
3.055022473393017787e-02
3.051980584197363025e-02
3.062666218002688123e-02
3.058713870408812097e-02
3.060378725464537458e-02
3.073149574673974399e-02
3.060712088244246787e-02
3.055668672342879214e-02
3.060411283537936566e-02
3.062818648961256399e-02
3.059496665257194561e-02
3.064242702453796180e-02
3.066847639458969432e-02
3.059801374061532284e-02
3.057607081912002561e-02
3.067914834179306244e-02
3.051290270926857590e-02
3.054676274693651772e-02
3.060015876893733971e-02
3.067650421469479000e-02
3.053600810954639269e-02
3.065853343073843273e-02
3.059483802353378523e-02
3.056011665727228349e-02
3.059000347663384453e-02
3.057901698606185770e-02
3.060026686951743818e-02
3.059591568669142725e-02
3.066504509098045075e-02
3.058035783223433599e-02
3.054923564017428955e-02
3.060296595003511935e-02
3.045832448190139569e-02
3.054671950557648688e-02
3.064645629118148071e-02
3.055624414209939105e-02
3.061740057210296864e-02
3.059961720542338920e-02
3.061686668746296455e-02
3.059347570909430603e-02
3.057393002232194207e-02
3.058406263548488907e-02
3.059022540722502667e-02
3.060462650305978069e-02
3.062217791127538544e-02
3.062143396453766500e-02
3.058077154036025966e-02
3.051540131698747549e-02
3.046670741933056592e-02
3.056306914625363941e-02
3.055199008389257800e-02
3.059607684235018596e-02
3.057704057301525308e-02
3.057473892062420595e-02
3.063899564028935846e-02
3.064029258769522188e-02
3.059711562817707398e-02
3.056926951938952752e-02
3.061207087955746670e-02
3.054798592776080540e-02
3.062546915302248596e-02
3.065540921905855060e-02
3.061166081165342737e-02
3.049479112917084095e-02
3.070687546934892237e-02
3.053670301470949935e-02
3.053866791474775522e-02
3.065859569260331527e-02
3.062102704824813323e-02
3.059566808514901232e-02
3.058545305082536678e-02
3.064879099667108461e-02
3.051681928691501663e-02
3.056981367544018072e-02
3.059771554730013679e-02
3.060730308537277719e-02
3.058457928305699861e-02
3.056293823539582913e-02
3.048675412300048959e-02
3.049770889408000632e-02
3.058006433932491247e-02
3.049813061019483046e-02
3.047962340629518929e-02
3.050331190922447172e-02
3.046966603763489462e-02
3.051044017077135170e-02
3.045271002609827374e-02
3.056882139046879915e-02
3.048136127311023777e-02
3.050503078152337968e-02
3.044962537472993905e-02
3.055550694801748360e-02
3.043669044063450693e-02
3.052247783747705570e-02
3.045329027838018440e-02
3.044230874694942371e-02
3.048079425149539251e-02
3.051802648987137281e-02
3.042695433757248991e-02
3.045808709719611054e-02
3.058278874024382074e-02
3.050865961618653283e-02
3.043946192461420910e-02
3.053315187437278741e-02
3.048063874773360507e-02
3.046576298960075591e-02
3.047215023063221465e-02
3.054237631163882541e-02
3.047722822658808714e-02
3.051632063019377519e-02
3.053537840855060498e-02
3.052399325512068773e-02
3.052817415417740168e-02
3.045196025540610266e-02
3.035319125756375663e-02
3.045136920825668517e-02
3.051952485906097093e-02
3.053089243703291725e-02
3.041882199820635999e-02
3.051360338180304776e-02
3.052735121841655686e-02
3.051915183260688058e-02
3.051950421942475553e-02
3.047596684821785376e-02
3.052083211018014053e-02
3.050568412617688310e-02
3.046656301650886231e-02
3.049220766284264916e-02
3.042675265864922332e-02
3.052916510552398585e-02
3.045505284189603534e-02
3.044103114274148217e-02
3.046127197163209580e-02
3.052447148218233319e-02
3.048864463045717482e-02
3.039883496447376779e-02
3.045692030633366520e-02
3.043303860488368734e-02
3.035750600578373051e-02
3.042713111744296470e-02
3.047630774528526515e-02
3.042917207278277372e-02
3.041792758748512043e-02
3.049694388724588645e-02
3.048533128266471548e-02
3.041609383714655862e-02
3.037786497829392252e-02
3.035808877804444667e-02
3.035054514671726988e-02
3.048333396020977068e-02
3.047227915874424486e-02
3.043377118044294713e-02
3.043533952616216121e-02
3.044574864325045802e-02
3.036208719836664890e-02
3.041793427923509055e-02
3.039999824468092582e-02
3.048659068655162202e-02
3.041268343175491592e-02
3.045594595921332845e-02
3.040662230322626128e-02
3.048194823992311439e-02
3.043769141116120167e-02
3.038552634275309278e-02
3.028342803982331938e-02
3.034079640975142003e-02
3.034313662434108896e-02
3.041808882438758882e-02
3.041878112126368897e-02
3.045683880703802318e-02
3.041284212773310430e-02
3.041293343646455163e-02
3.036578452166190448e-02
3.044557429319028063e-02
3.042650185805005625e-02
3.038494125450406577e-02
3.037412837366441909e-02
3.042698838715620149e-02
3.036673348891258048e-02
3.044179925886887975e-02
3.033864521708566978e-02
3.032883113729735805e-02
3.036633781962080891e-02
3.034689122646244339e-02
3.035936206933043807e-02
3.044408101422828306e-02
3.042160384963187372e-02
3.033633616813044553e-02
3.034271333175098811e-02
3.039449077324477347e-02
3.031666109099902251e-02
3.040262720168484048e-02
3.039064030673773939e-02
3.036736074997804097e-02
3.034212276773731731e-02
3.037938257875559545e-02
3.028200359999877814e-02
3.030856664219962540e-02
3.035841170342407080e-02
3.034341214113516275e-02
3.031319304006253185e-02
3.042131914392278563e-02
3.042091955779172366e-02
3.044195311166921283e-02
3.045149215308860791e-02
3.042208128234159814e-02
3.043891968616169522e-02
3.045610587015032053e-02
3.045130300131594289e-02
3.045724840465403177e-02
3.047567285651330005e-02
3.052337447502264864e-02
3.050385472031250100e-02
3.041145148456353767e-02
3.047155594128516526e-02
3.048217794674644779e-02
3.041976393311739482e-02
3.043451931083324818e-02
3.050198844422074423e-02
3.046867866680793430e-02
3.045592128349512359e-02
3.046627001412796978e-02
3.053035597353729452e-02
3.045921160477669046e-02
3.048270541403056560e-02
3.042683953589230689e-02
3.042116441346839201e-02
3.047458759691754754e-02
3.041667984090864335e-02
3.035320750334865453e-02
3.037016079440967367e-02
3.039100366484855792e-02
3.037645904442132228e-02
3.034751679593705731e-02
3.050896288212252491e-02
3.036314954375183076e-02
3.040483335804603643e-02
3.037259934813752241e-02
3.044583023516707690e-02
3.037043047836225987e-02
3.041599849525469801e-02
3.042518055943698937e-02
3.039677821330340202e-02
3.038177703357800366e-02
3.043031054466831253e-02
3.020999188251099685e-02
3.028696168173012140e-02
3.037886596645464343e-02
3.034104933597499970e-02
3.042432693111592895e-02
3.038169388495384760e-02
3.037294704972474252e-02
3.034154484205281443e-02
3.033247148562055392e-02
3.035255521916286475e-02
3.040689651650371056e-02
3.041552860032726430e-02
3.036387948931958472e-02
3.040285397529971997e-02
3.042468748175344156e-02
3.036277398638679778e-02
3.031787564469862889e-02
3.027980562546317075e-02
3.034634464205495166e-02
3.043782489973077821e-02
3.044329707425855527e-02
3.038981423563686182e-02
3.048759698623552603e-02
3.042626740776828431e-02
3.043509304250596043e-02
3.044987138012268668e-02
3.047554491069568577e-02
3.040874791516531492e-02
3.047272685823316021e-02
3.045392749597359075e-02
3.046478603773799740e-02
3.035416286878514502e-02
3.044943375611052286e-02
3.038418450419118691e-02
3.044679237016457984e-02
3.050593021876489216e-02
3.046713012685772076e-02
3.052301762945145922e-02
3.058864939481821879e-02
3.049888331768986841e-02
3.049685242369046950e-02
3.051100897570740295e-02
3.050206040133842875e-02
3.050849532845179707e-02
3.050477036349242069e-02
3.047526089462775437e-02
3.046951416771469245e-02
3.034574525953557741e-02
3.055147784717527487e-02
3.040946854427373919e-02
3.048457376038188338e-02
3.048017124991855148e-02
3.051197771755750215e-02
3.051567580431883975e-02
3.046590032572736931e-02
3.053215171021701757e-02
3.048297118501097289e-02
3.046849300686527845e-02
3.048353434533166914e-02
3.054196002761083370e-02
3.047111018825277365e-02
3.048092283405993627e-02
3.051249940912652628e-02
3.049020554159203797e-02
3.046250597059270079e-02
3.065877558918141121e-02
3.049673646050176171e-02
3.052354574992727568e-02
3.056603846636680999e-02
3.061048453211637210e-02
3.045438164343270901e-02
3.065900791808508913e-02
3.058591373582995876e-02
3.055807900878097783e-02
3.058051629798442389e-02
3.059028078751566820e-02
3.050790988407593024e-02
3.058831781529297231e-02
3.060702023858048390e-02
3.055542376793404791e-02
3.053717377739312289e-02
3.059159621357164169e-02
3.045278578795354921e-02
3.055594256915906970e-02
3.054377056770814572e-02
3.058936178846494852e-02
3.048288120474635168e-02
3.057827428636636369e-02
3.056608992608230574e-02
3.048053267933695590e-02
3.052431144159706983e-02
3.048602548479287938e-02
3.049565622430160453e-02
3.048191688225670992e-02
3.053036260840947744e-02
3.051109462329784638e-02
3.048548352614946153e-02
3.044496623875855151e-02
3.047825464712290017e-02
3.048172011002410128e-02
3.052541864860766965e-02
3.050546469223652107e-02
3.052273704269784990e-02
3.039728705792813304e-02
3.054375424850687762e-02
3.051510933294454206e-02
3.049903094270757162e-02
3.045946696371341911e-02
3.054677636658041304e-02
3.049374072161344096e-02
3.059452606409670400e-02
3.059449837735768798e-02
3.054959031126157701e-02
3.059108456361350065e-02
3.061480744656372086e-02
3.040157384486148404e-02
3.042868327054180574e-02
3.045217664923313694e-02
3.047641879812753793e-02
3.038061161939060659e-02
3.062872003363147771e-02
3.057129988827991807e-02
3.044136880475463436e-02
3.038440900964789818e-02
3.054448686259512297e-02
3.063149388569679291e-02
3.069066819980257113e-02
3.062149293162091945e-02
3.066395206135449220e-02
3.066500381924215299e-02
3.062365653907690027e-02
3.048365885395711017e-02
3.055313697901013842e-02
3.058201103372612528e-02
3.057341734261716931e-02
3.061546550984236420e-02
3.061328123730564302e-02
3.061727273212888970e-02
3.057696618797969140e-02
3.060609123727617634e-02
3.057283887720663521e-02
3.059799252063878996e-02
3.059367441406393023e-02
3.060078303654787876e-02
3.061096325077656069e-02
3.061139842103973580e-02
3.053203080183425344e-02
3.062488789702252912e-02
3.057204779071016898e-02
3.053151846320685883e-02
3.062716061548130531e-02
3.061092228316087197e-02
3.053517105243117036e-02
3.068279986379201033e-02
3.067010488037940144e-02
3.057854783476736393e-02
3.060792551496302125e-02
3.064270709439263426e-02
3.059637569138159291e-02
3.066631226713177963e-02
3.064810623908711604e-02
3.059760862465734158e-02
3.057722839712132337e-02
3.070265567274943486e-02
3.050104442745732100e-02
3.054852221433254633e-02
3.061272188263560942e-02
3.058197625068305447e-02
3.055942765926466034e-02
3.060847144845835546e-02
3.068181864783367865e-02
3.058395078093329236e-02
3.068903137790587182e-02
3.063901793287811259e-02
3.067837223928757476e-02
3.064064811687869025e-02
3.066763495229311506e-02
3.065457035398615887e-02
3.061287679404250950e-02
3.058891434033019635e-02
3.069217040705152569e-02
3.063126137248983749e-02
3.066921250365549009e-02
3.070122933829390333e-02
3.070230360708084416e-02
3.062742075293996627e-02
3.073858788114253171e-02
3.069567157566234494e-02
3.067915508208155298e-02
3.068160944665186685e-02
3.074491180597958839e-02
3.069424519267739335e-02
3.071190814664567087e-02
3.074664839410685274e-02
3.068076508410941955e-02
3.069098899857960333e-02
3.077851814639595562e-02
3.059002683333155934e-02
3.065352812112808606e-02
3.072054931202594305e-02
3.071396285250522357e-02
3.060367098175716463e-02
3.076101568454682120e-02
3.070918662182041750e-02
3.070630012388862740e-02
3.069875859365433016e-02
3.072671090562263674e-02
3.072525820837996441e-02
3.077477772173618439e-02
3.074764108686363004e-02
3.078991206687982721e-02
3.074559159866555730e-02
3.070583930241930354e-02
3.065692342962007821e-02
3.074273918653288792e-02
3.078478197304342773e-02
3.081025737292664157e-02
3.081387243891886216e-02
3.083388386835537315e-02
3.084271020075434258e-02
3.077318939771342410e-02
3.080507502062158898e-02
3.077715434737177819e-02
3.081425895859659508e-02
3.080691162455126766e-02
3.084483714716483235e-02
3.080092793272796656e-02
3.081370649651758373e-02
3.074084249341827932e-02
3.075788215462197522e-02
3.078203933189307961e-02
3.074851544240024548e-02
3.079720191401727827e-02
3.080946929861929848e-02
3.076767007391345912e-02
3.088240251583097146e-02
3.082983144441116957e-02
3.080857170148458904e-02
3.079468676083356102e-02
3.080941643445039152e-02
3.075711285032839415e-02
3.079469238940590881e-02
3.077618330177907258e-02
3.079071735345462885e-02
3.069032140495398658e-02
3.082514218661579208e-02
3.071069290972794699e-02
3.078121228502453746e-02
3.082513971773296127e-02
3.082097119188392104e-02
3.070223760939250549e-02
3.085671336769290826e-02
3.079740034792517039e-02
3.078394009791286454e-02
3.079523942428391906e-02
3.078739574181595801e-02
3.081835161566854817e-02
3.086223901664104929e-02
3.078332544296436685e-02
3.079611525500491540e-02
3.078443154074606350e-02
3.089214119864240604e-02
3.071290951292301660e-02
3.078941839628505581e-02
3.081925526096026755e-02
3.082992557928214417e-02
3.081719930592859494e-02
3.089753576025837042e-02
3.086668573552623154e-02
3.081907780371327676e-02
3.085818746854116640e-02
3.087955428086421039e-02
3.090848410510042485e-02
3.084396134491061356e-02
3.089509156250505595e-02
3.092202073539500676e-02
3.085565066725661290e-02
3.083045196647104039e-02
3.085705258220915875e-02
3.075403278805171822e-02
3.086101439997038232e-02
3.089311640800341055e-02
3.090573405706093998e-02
3.073002095468034545e-02
3.096875527826033550e-02
3.083307527831527159e-02
3.080713443554993977e-02
3.081360689149822626e-02
3.092296250621333689e-02
3.081369437059804442e-02
3.088913169054730706e-02
3.085907378532380327e-02
3.085430441011841399e-02
3.088671721158578118e-02
3.090733580534095123e-02
3.081847638028940850e-02
3.094368964183164331e-02
3.088495274571062543e-02
3.094859360718210314e-02
3.091130721810387422e-02
3.098587188569116094e-02
3.092292622810551006e-02
3.097099308578025664e-02
3.092096022274298112e-02
3.093856556684651885e-02
3.092744436888418547e-02
3.100943363753180110e-02
3.096743533850028832e-02
3.100437233721736741e-02
3.094293602118379852e-02
3.097038286946658669e-02
3.094999096061530619e-02
3.093115712267487799e-02
3.090939771524623889e-02
3.097016681005783714e-02
3.095905376980683313e-02
3.094661888546757292e-02
3.103031595258133601e-02
3.099405970879821198e-02
3.097339841771750910e-02
3.096279909989130275e-02
3.099954514124302757e-02
3.095944008071061654e-02
3.099811404178764648e-02
3.107871884110827501e-02
3.099958476822989306e-02
3.100559591065726872e-02
3.105583696404804264e-02
3.081069212851558423e-02
3.089724137177583124e-02
3.097303585443859919e-02
3.098287623288998802e-02
3.094657763687850421e-02
3.102350660149553671e-02
3.100589053162435688e-02
3.100173748812336955e-02
3.101833342524121587e-02
3.099263462901042862e-02
3.094809314018379803e-02
3.098009709073047332e-02
3.096158706196752708e-02
3.094782645233205495e-02
3.090844891645746703e-02
3.094314224638116534e-02
3.094597461633080346e-02
3.093661162943434073e-02
3.098148233646090891e-02
3.096770266291516346e-02
3.094268875295120083e-02
3.096520329809350144e-02
3.100702435925450917e-02
3.096374765382283942e-02
3.099464781620711248e-02
3.096892665818566648e-02
3.105855026120459342e-02
3.101690799697905815e-02
3.103132295734527257e-02
3.105295373186556934e-02
3.109658140405029136e-02
3.103006056530362849e-02
3.097105567818014132e-02
3.091444725273168742e-02
3.101705191367596162e-02
3.107006341781948927e-02
3.104828735795166217e-02
3.093850177778519409e-02
3.119779356979838353e-02
3.106346430306420117e-02
3.108474331288552106e-02
3.109258211822163095e-02
3.119456289058508344e-02
3.109893922596875318e-02
3.113610882863430268e-02
3.111105228555326521e-02
3.111574206341561483e-02
3.105230212422484953e-02
3.112031659606089365e-02
3.099529395130316139e-02
3.109036494181218260e-02
3.113038201719791481e-02
3.115321534394147746e-02
3.102727377436573578e-02
3.115822647352401234e-02
3.114283127756990038e-02
3.110907424210947875e-02
3.112449157746976711e-02
3.112747511496571570e-02
3.115991943689209662e-02
3.119754655547908595e-02
3.116942383271561340e-02
3.118311548965217381e-02
3.118218045599626884e-02
3.110595319242029366e-02
3.106173935237675765e-02
3.106808285550858098e-02
3.114321093952852892e-02
3.111780000436420099e-02
3.116762137397432325e-02
3.104050142903367476e-02
3.117743852907250979e-02
3.108614628340517980e-02
3.112629761461264272e-02
3.113097922622294275e-02
3.117434250295033835e-02
3.114436497817189842e-02
3.113793608891315262e-02
3.115852674278672338e-02
3.117674067107107858e-02
3.104394312633348627e-02
3.108739088286549893e-02
3.103031951510090009e-02
3.109510622264178431e-02
3.111926189148044378e-02
3.115619441076165202e-02
3.110110402877927852e-02
3.121965571149864019e-02
3.119523094157191506e-02
3.113212892926045181e-02
3.116314445164559618e-02
3.125676475568966300e-02
3.117036705155069864e-02
3.121524986487439479e-02
3.121913822581451337e-02
3.122164733107661225e-02
3.120729241492100139e-02
3.121305505326424368e-02
3.110311886756039756e-02
3.120116479023643877e-02
3.127833447210853074e-02
3.131125460486594569e-02
3.118131851411325844e-02
3.124374929007853186e-02
3.129039669736860541e-02
3.122796812837070474e-02
3.125933531688005612e-02
3.128039465590111423e-02
3.123538372783525238e-02
3.129398240494898897e-02
3.131351981265519113e-02
3.136130163101025214e-02
3.130404324227453045e-02
3.135493091260248971e-02
3.125524479383191140e-02
3.126763988476941730e-02
3.127753024678012889e-02
3.134415432442853172e-02
3.133301374738488299e-02
3.135661123129819539e-02
3.133928444129870788e-02
3.135608079802971321e-02
3.132579066357236985e-02
3.134660334764988177e-02
3.136325886745024855e-02
3.132936940451462593e-02
3.132200065698598906e-02
3.134157570174535973e-02
3.133471363590686204e-02
3.132947106417029171e-02
3.134510131779898179e-02
3.124275623100972871e-02
3.133569390146874467e-02
3.134377402289317827e-02
3.131362413338423939e-02
3.126817750334247303e-02
3.143145194849782109e-02
3.137266166142860246e-02
3.135424891413643445e-02
3.138190989543160336e-02
3.139256661833693396e-02
3.136724923941661136e-02
3.141785248743905051e-02
3.136317930100029211e-02
3.138188366602644858e-02
3.135242226396188492e-02
3.158235373498410187e-02
3.135283430062617283e-02
3.144309285943511917e-02
3.144206634414301038e-02
3.146948590962248687e-02
3.144209424009458687e-02
3.143924227287825390e-02
3.144317972511755793e-02
3.145011568531538154e-02
3.144109630358898205e-02
3.148969414851354037e-02
3.149775028413595579e-02
3.152728980095817479e-02
3.152632482317372503e-02
3.153582934143061428e-02
3.153705011108930839e-02
3.147034543756355857e-02
3.148371704077393418e-02
3.152767611133665965e-02
3.154448672578012008e-02
3.158278015877426237e-02
3.161339516094662655e-02
3.151249463746832319e-02
3.162955564810610715e-02
3.157828843589989554e-02
3.153258371222152079e-02
3.156181356709775870e-02
3.160562710338293835e-02
3.155822716934876537e-02
3.158426993455112908e-02
3.165898288989036496e-02
3.160639256059900870e-02
3.153882836852308497e-02
3.154885503971779220e-02
3.150106174414138427e-02
3.155411205093623661e-02
3.157692844012557898e-02
3.155943702975984311e-02
3.153382195674828137e-02
3.159757491158460274e-02
3.161079055328495230e-02
3.151384496530685447e-02
3.156515408178316856e-02
3.154525520791214011e-02
3.161625621309160916e-02
3.156820143542411056e-02
3.156155958919071303e-02
3.159511738014973703e-02
3.155499929857068231e-02
3.154376466887934272e-02
3.161500712180355388e-02
3.155293898194004576e-02
3.154261765666318412e-02
3.162357191153557928e-02
3.162925205997901834e-02
3.152997360576401120e-02
3.161964352393629996e-02
3.162432236192162099e-02
3.159421662938158987e-02
3.160356512655054101e-02
3.167034278220419441e-02
3.164246666882512826e-02
3.166402454561081936e-02
3.164678730818948349e-02
3.171153336077886520e-02
3.162762738066662166e-02
3.154725852063264280e-02
3.150045041171647270e-02
3.159496520050147916e-02
3.166119188131223672e-02
3.164063032350824395e-02
3.158595268777607268e-02
3.170041657592668344e-02
3.167738045813847658e-02
3.162153221876749798e-02
3.163259714359976243e-02
3.165392877946196504e-02
3.167016848881586827e-02
3.173020624242402915e-02
3.171733152708323261e-02
3.172917287685002308e-02
3.178579601949114986e-02
3.176894273305334165e-02
3.160964458103966007e-02
3.171693403232416636e-02
3.172095146438903834e-02
3.172705384161395720e-02
3.170741572014744436e-02
3.174095703553021092e-02
3.178399764473578692e-02
3.178606269714286808e-02
3.175695361271911599e-02
3.174509802407206316e-02
3.176888551116677922e-02
3.178798259133359255e-02
3.180122169294723883e-02
3.184823187654126087e-02
3.173312680715290046e-02
3.185906115105126279e-02
3.181744514290434089e-02
3.172376405514330810e-02
3.177596310740365276e-02
3.183431893132774443e-02
3.182320392692913891e-02
3.178475861368209449e-02
3.185335750783405140e-02
3.184930475505981518e-02
3.179139629296107855e-02
3.180858359408421376e-02
3.183447557357789448e-02
3.184613461814460311e-02
3.186333765236029625e-02
3.187006378322983224e-02
3.184009934717021290e-02
3.184359787498597383e-02
3.179146380882818396e-02
3.169967449388958608e-02
3.178350133272608152e-02
3.182879452637465273e-02
3.182233996392838660e-02
3.175942762422290927e-02
3.192319774978546326e-02
3.187703871302324798e-02
3.186606855076788702e-02
3.190691761100292873e-02
3.190230602392266773e-02
3.189738888359350266e-02
3.190329531040460298e-02
3.188615046917827461e-02
3.193667107337138517e-02
3.192055217337529810e-02
3.198168123205364505e-02
3.191962467493284633e-02
3.194017393113866843e-02
3.193007692497711048e-02
3.196028340409184237e-02
3.198949707105688822e-02
3.189956670629857244e-02
3.204355200530855513e-02
3.197785901767076500e-02
3.200008270378852659e-02
3.196981109330094412e-02
3.201836064798933845e-02
3.196847343495113486e-02
3.202096183381748090e-02
3.202284219290111450e-02
3.196004933267906911e-02
3.204215313103664364e-02
3.206695902900808665e-02
3.196351230387223935e-02
3.198158118922507509e-02
3.203249016309880209e-02
3.204592031609831276e-02
3.197645978839343262e-02
3.210108438350931653e-02
3.207396536383984309e-02
3.203148458800178511e-02
3.205071876292543698e-02
3.207614773184745693e-02
3.209143175818471305e-02
3.212451448129261672e-02
3.208735204772097949e-02
3.213202262680121823e-02
3.210513807787612056e-02
3.208259518609028055e-02
3.201001064507261185e-02
3.206092664651393614e-02
3.215247241852202398e-02
3.210201375928319750e-02
3.212506233335842010e-02
3.212483647719535651e-02
3.217572884547766771e-02
3.214551513628999962e-02
3.220417841857281527e-02
3.214170496563425322e-02
3.216874700778350055e-02
3.216734638806850038e-02
3.218743438419399694e-02
3.222006565660395783e-02
3.221964588174419664e-02
3.216993347759718180e-02
3.224772629578885608e-02
3.215070106950499579e-02
3.225535130862917932e-02
3.225174526184607093e-02
3.219352189830101962e-02
3.215654852581942974e-02
3.227128811742158154e-02
3.225738926384014160e-02
3.223196528551033196e-02
3.222976422579262173e-02
3.228329727071382882e-02
3.227364518409101685e-02
3.228179098499026067e-02
3.228797195520841101e-02
3.228625128002838435e-02
3.221087890112216134e-02
3.231791429332915577e-02
3.222017269588459132e-02
3.228268327668178117e-02
3.236268068901036049e-02
3.231706564516996505e-02
3.222935285751793444e-02
3.229126532607752564e-02
3.233259997378593043e-02
3.229200409450547898e-02
3.228127390811626196e-02
3.226844260259192215e-02
3.229338270848662595e-02
3.233542424706450230e-02
3.234519428236818511e-02
3.228635310932147229e-02
3.233396190455468944e-02
3.232438398936393620e-02
3.229150020365269963e-02
3.227096095305356793e-02
3.231361404115036529e-02
3.233424897189850905e-02
3.237015305622906874e-02
3.228637969487322540e-02
3.238852435625544368e-02
3.234734274654823410e-02
3.234334855795600872e-02
3.231932588432268050e-02
3.238297719851417067e-02
3.234905250200919430e-02
3.238927803313795817e-02
3.238749625802014864e-02
3.244401980222267473e-02
3.237808818328823807e-02
3.244192777868524363e-02
3.231937347089550161e-02
3.243433777385484190e-02
3.240493511468878207e-02
3.241480859103705592e-02
3.236296536445405769e-02
3.245207610106423668e-02
3.241316119168249216e-02
3.238406325242047107e-02
3.240580940821730094e-02
3.242840705240954829e-02
3.248500429739294149e-02
3.249930037130269178e-02
3.248825229284382776e-02
3.247978925838208158e-02
3.245980247815688502e-02
3.259754506221680670e-02
3.234498984280999301e-02
3.241741655934347877e-02
3.250023667037708203e-02
3.253882088134445877e-02
3.247776557669762587e-02
3.262764382785109107e-02
3.256355640711995625e-02
3.256928465282403484e-02
3.255622824512449665e-02
3.258266619477682979e-02
3.255544427528950929e-02
3.263436277853232204e-02
3.257135573257157607e-02
3.268162140105080465e-02
3.257146989310921725e-02
3.259015172801237731e-02
3.256918644936659252e-02
3.258830480617766479e-02
3.257344799609621089e-02
3.261218778169277382e-02
3.262124643725674428e-02
3.264632204178874453e-02
3.265354897253767291e-02
3.270163664703496648e-02
3.258931512692974514e-02
3.269666830322224410e-02
3.267292604490338453e-02
3.267751815255586639e-02
3.269667291513767698e-02
3.272774147516024218e-02
3.271816599242298451e-02
3.272536050659451828e-02
3.279527146423903000e-02
3.263742044438820017e-02
3.263563484639857293e-02
3.275532547100077491e-02
3.268482171553929727e-02
3.272972362521497230e-02
3.276550204429192620e-02
3.280428121860123891e-02
3.269281986254108513e-02
3.281326351070099068e-02
3.273106411139316968e-02
3.278644889891453584e-02
3.277700339502757909e-02
3.284018133771235415e-02
3.273328251118175908e-02
3.281043950107715573e-02
3.283822704116332730e-02
3.273241309031507673e-02
3.274501179131822370e-02
3.284573702006366586e-02
3.279621930436252969e-02
3.289950388480499671e-02
3.277883701206769917e-02
3.286988523111417093e-02
3.284011739116649703e-02
3.286627672561416580e-02
3.284087274840843951e-02
3.286702055099260250e-02
3.290438837629284380e-02
3.291372969978496876e-02
3.289601216370374726e-02
3.295507978224820889e-02
3.283743186366632621e-02
3.286941355849157947e-02
3.283839284214153803e-02
3.288042920133506936e-02
3.294993666207692712e-02
3.295290190000559755e-02
3.288674118512145000e-02
3.297222617402045114e-02
3.299930947126496900e-02
3.292130345675222530e-02
3.297882594657836064e-02
3.304774724288944004e-02
3.296379433717346041e-02
3.301960711270535836e-02
3.303036945718904049e-02
3.306171625042110540e-02
3.296132542004533844e-02
3.308887291817531884e-02
3.285899839801155464e-02
3.294925636984157025e-02
3.298774415178364755e-02
3.299321069405349721e-02
3.297786098226455215e-02
3.300873332695011819e-02
3.301795245189563521e-02
3.302301610510824381e-02
3.304510638787858112e-02
3.301548008499335246e-02
3.304348309245182941e-02
3.308498393519993669e-02
3.306207380213500163e-02
3.310847094332423218e-02
3.307812111704180880e-02
3.315845895955835815e-02
3.297485325125539685e-02
3.307284149188398359e-02
3.306447003900202936e-02
3.315512794927497064e-02
3.310202566371253652e-02
3.314882691739745590e-02
3.320958255428476530e-02
3.316798244594742345e-02
3.312000441609733170e-02
3.320303047334335206e-02
3.317256306460066029e-02
3.315256325197669940e-02
3.316933796973467463e-02
3.321014382200377507e-02
3.322466206592417787e-02
3.324681876344291742e-02
3.326154816216410348e-02
3.311555058948043029e-02
3.318085291120987518e-02
3.320942550466505355e-02
3.322997625072471317e-02
3.317857162186790831e-02
3.330944250995686307e-02
3.329965432973239214e-02
3.322260171307647725e-02
3.326436032452601693e-02
3.333262274305509587e-02
3.330422074238564845e-02
3.330783264968202595e-02
3.329132319097185405e-02
3.334872533237301373e-02
3.326873756744750527e-02
3.334162900148653769e-02
3.316580804374055780e-02
3.333214619510976862e-02
3.331773068832567103e-02
3.336161331224797577e-02
3.328752708085160050e-02
3.331551906419125825e-02
3.335196395757713400e-02
3.332676943902554423e-02
3.333494318818718688e-02
3.334947083635349252e-02
3.336986549764706794e-02
3.337732640943501250e-02
3.340181966640865668e-02
3.341186565755411425e-02
3.333085639050718807e-02
3.333811194275961010e-02
3.338877337637192327e-02
3.338430026789995092e-02
3.337081126322730129e-02
3.340709765575743118e-02
3.341709966453026981e-02
3.334127530333796940e-02
3.343671886150152706e-02
3.348127713891353718e-02
3.340776744131567638e-02
3.338131350249286255e-02
3.343245601347424184e-02
3.344582214180779473e-02
3.348771220514831781e-02
3.347845713868831397e-02
3.347746225730373337e-02
3.339597355393154887e-02
3.353225566554418613e-02
3.341341166789067729e-02
3.346289363855334958e-02
3.350714584092646248e-02
3.350170427919465371e-02
3.342870978143192701e-02
3.356328943143779137e-02
3.352923117670356806e-02
3.352867334306298963e-02
3.356888547347629953e-02
3.356836690235829451e-02
3.355200499178769002e-02
3.363174047715905557e-02
3.366776049573841356e-02
3.370685864023029166e-02
3.373858475072405438e-02
3.375450369226879604e-02
3.370868670765782976e-02
3.389798140590062625e-02
3.407683145722520401e-02
3.432914893614642804e-02
3.461887463800040338e-02
3.512926349989834579e-02
3.591092490779100588e-02
3.709255843220499865e-02
3.895490966586116766e-02
4.183391555365709863e-02
4.628527025194220657e-02
5.301012115585083950e-02
6.277782914388174706e-02
7.680117247291710914e-02
9.667952995820634776e-02
1.254770932570788700e-01
1.678911189289972183e-01
2.584757739697410295e-01
